<Header>
User name: Carl
Location: probe cabin
# of Location: 1
Model: 11-D
Serial No.: 11D20167
Firmware revision: 12.50E
Software revision: 1179-V2.05 (15-06-2020)
Unit: log data
C-factor: 1,00
location factor: 1,00
Comment: F2583
online data
K-line: K	779	809	1273	0	0	62	118

<Data>
[d&t31.12.2035 11:50:55]	P	Year	Mon	Day	Hr	Min	Sec	Loc	GF	Err	Qbatt	Im	Temp	rH	Velo	Pres	Dir	Rain	Iv	P_Weight	P_Vol[l]	rH_i	Temp_i	Latitude	Longitude	Height	Flow[%]	SFlow
12.06.2025 13:21:14	P	25	6	12	13	20	54	1	0	0	NA	10	NA	NA	NA	1022,5	NA	NA	7	1116,4	34759,0	45,9	25,9	NA	NA	NA	104,1A	NA	
12.06.2025 13:21:15	P	25	6	12	13	20	56	1	100	0	NA	26	NA	NA	NA	1022,5	NA	NA	7	1116,4	34759,0	45,9	25,9	NA	NA	NA	104,1A	NA	
12.06.2025 13:21:16	P	25	6	12	13	20	57	1	100	0	NA	26	NA	NA	NA	1022,9	NA	NA	7	1116,4	34759,0	45,9	25,9	NA	NA	NA	104,1A	NA	
12.06.2025 13:21:17	P	25	6	12	13	20	58	1	100	0	NA	26	NA	NA	NA	1022,5	NA	NA	7	1116,4	34759,0	45,9	25,9	NA	NA	NA	104,1A	NA	
12.06.2025 13:21:18	P	25	6	12	13	20	59	1	100	0	NA	26	NA	NA	NA	1022,5	NA	NA	7	1116,4	34759,0	45,9	25,9	NA	NA	NA	104,1A	NA	
12.06.2025 13:21:19	P	25	6	12	13	21	0	1	100	0	NA	26	NA	NA	NA	1022,5	NA	NA	7	1116,4	34759,1	43,1	25,9	NA	NA	NA	104,1A	NA	
12.06.2025 13:21:20	P	25	6	12	13	21	1	1	100	0	NA	26	NA	NA	NA	1022,5	NA	NA	7	1116,4	34759,1	43,1	25,9	NA	NA	NA	104,1A	NA	
12.06.2025 13:21:21	P	25	6	12	13	21	2	1	100	0	NA	26	NA	NA	NA	1022,5	NA	NA	7	1116,4	34759,1	43,1	25,9	NA	NA	NA	104,1A	NA	
12.06.2025 13:21:22	P	25	6	12	13	21	3	1	100	0	NA	26	NA	NA	NA	1022,5	NA	NA	7	1116,4	34759,1	43,1	25,9	NA	NA	NA	104,1A	NA	
12.06.2025 13:21:23	P	25	6	12	13	21	4	1	100	0	NA	26	NA	NA	NA	1022,5	NA	NA	7	1116,4	34759,1	43,1	25,9	NA	NA	NA	104,1A	NA	
12.06.2025 13:21:24	P	25	6	12	13	21	5	1	100	0	NA	26	NA	NA	NA	1022,5	NA	NA	7	1116,4	34759,1	43,1	25,9	NA	NA	NA	104,1A	NA	
12.06.2025 13:21:25	P	25	6	12	13	21	6	1	100	0	NA	26	NA	NA	NA	1022,5	NA	NA	7	1116,4	34759,2	41,3	26,0	NA	NA	NA	104,1A	NA	
12.06.2025 13:21:26	P	25	6	12	13	21	7	1	100	0	NA	26	NA	NA	NA	1022,5	NA	NA	7	1116,4	34759,2	41,3	26,0	NA	NA	NA	104,1A	NA	
12.06.2025 13:21:27	P	25	6	12	13	21	8	1	100	0	NA	26	NA	NA	NA	1022,5	NA	NA	7	1116,4	34759,2	41,3	26,0	NA	NA	NA	104,1A	NA	
12.06.2025 13:21:28	P	25	6	12	13	21	9	1	100	0	NA	26	NA	NA	NA	1022,9	NA	NA	7	1116,4	34759,2	41,3	26,0	NA	NA	NA	104,1A	NA	
12.06.2025 13:21:29	P	25	6	12	13	21	10	1	100	0	NA	26	NA	NA	NA	1022,5	NA	NA	7	1116,4	34759,2	41,3	26,0	NA	NA	NA	104,1A	NA	
12.06.2025 13:21:30	P	25	6	12	13	21	11	1	100	0	NA	26	NA	NA	NA	1022,5	NA	NA	7	1116,4	34759,2	41,3	26,0	NA	NA	NA	104,1A	NA	
12.06.2025 13:21:31	P	25	6	12	13	21	12	1	100	0	NA	26	NA	NA	NA	1022,9	NA	NA	7	1116,4	34759,3	40,3	25,9	NA	NA	NA	104,1A	NA	
12.06.2025 13:21:32	P	25	6	12	13	21	13	1	100	0	NA	26	NA	NA	NA	1022,9	NA	NA	7	1116,4	34759,3	40,3	25,9	NA	NA	NA	104,1A	NA	
12.06.2025 13:21:33	P	25	6	12	13	21	14	1	100	0	NA	26	NA	NA	NA	1022,5	NA	NA	7	1116,4	34759,3	40,3	25,9	NA	NA	NA	104,1A	NA	
12.06.2025 13:21:34	P	25	6	12	13	21	15	1	100	0	NA	26	NA	NA	NA	1022,5	NA	NA	7	1116,4	34759,3	40,3	25,9	NA	NA	NA	104,1A	NA	
12.06.2025 13:21:35	P	25	6	12	13	21	16	1	100	0	NA	26	NA	NA	NA	1022,5	NA	NA	7	1116,4	34759,3	40,3	25,9	NA	NA	NA	104,1A	NA	
12.06.2025 13:21:36	P	25	6	12	13	21	17	1	100	0	NA	26	NA	NA	NA	1022,5	NA	NA	7	1116,4	34759,3	40,3	25,9	NA	NA	NA	104,1A	NA	
12.06.2025 13:21:37	P	25	6	12	13	21	18	1	100	0	NA	26	NA	NA	NA	1022,0	NA	NA	7	1116,4	34759,4	39,6	26,0	NA	NA	NA	104,1A	NA	
12.06.2025 13:21:38	P	25	6	12	13	21	19	1	100	0	NA	26	NA	NA	NA	1022,5	NA	NA	7	1116,4	34759,4	39,6	26,0	NA	NA	NA	104,1A	NA	
12.06.2025 13:21:39	P	25	6	12	13	21	20	1	100	0	NA	26	NA	NA	NA	1022,5	NA	NA	7	1116,4	34759,4	39,6	26,0	NA	NA	NA	104,1A	NA	
12.06.2025 13:21:40	P	25	6	12	13	21	21	1	100	0	NA	26	NA	NA	NA	1022,5	NA	NA	7	1116,4	34759,4	39,6	26,0	NA	NA	NA	104,1A	NA	
12.06.2025 13:21:41	P	25	6	12	13	21	22	1	100	0	NA	26	NA	NA	NA	1022,9	NA	NA	7	1116,4	34759,4	39,6	26,0	NA	NA	NA	104,1A	NA	
12.06.2025 13:21:42	P	25	6	12	13	21	23	1	100	0	NA	26	NA	NA	NA	1022,9	NA	NA	7	1116,4	34759,4	39,6	26,0	NA	NA	NA	104,1A	NA	
12.06.2025 13:21:43	P	25	6	12	13	21	24	1	100	0	NA	26	NA	NA	NA	1022,5	NA	NA	7	1116,4	34759,6	39,2	26,0	NA	NA	NA	104,1A	NA	
12.06.2025 13:21:44	P	25	6	12	13	21	25	1	100	0	NA	26	NA	NA	NA	1022,9	NA	NA	7	1116,4	34759,6	39,2	26,0	NA	NA	NA	104,1A	NA	
12.06.2025 13:21:45	P	25	6	12	13	21	26	1	100	0	NA	26	NA	NA	NA	1022,5	NA	NA	7	1116,4	34759,6	39,2	26,0	NA	NA	NA	104,1A	NA	
12.06.2025 13:21:46	P	25	6	12	13	21	27	1	100	0	NA	26	NA	NA	NA	1022,5	NA	NA	7	1116,4	34759,6	39,2	26,0	NA	NA	NA	104,1A	NA	
12.06.2025 13:21:47	P	25	6	12	13	21	28	1	100	0	NA	26	NA	NA	NA	1022,5	NA	NA	7	1116,4	34759,6	39,2	26,0	NA	NA	NA	104,1A	NA	
12.06.2025 13:21:48	P	25	6	12	13	21	29	1	100	0	NA	26	NA	NA	NA	1022,5	NA	NA	7	1116,4	34759,6	39,2	26,0	NA	NA	NA	104,1A	NA	
12.06.2025 13:21:49	P	25	6	12	13	21	30	1	100	0	NA	26	NA	NA	NA	1022,5	NA	NA	7	1116,4	34759,7	38,8	25,9	NA	NA	NA	104,1A	NA	
12.06.2025 13:21:50	P	25	6	12	13	21	31	1	100	0	NA	26	NA	NA	NA	1022,5	NA	NA	7	1116,4	34759,7	38,8	25,9	NA	NA	NA	104,1A	NA	
12.06.2025 13:21:51	P	25	6	12	13	21	32	1	100	0	NA	26	NA	NA	NA	1022,5	NA	NA	7	1116,4	34759,7	38,8	25,9	NA	NA	NA	104,1A	NA	
12.06.2025 13:21:52	P	25	6	12	13	21	33	1	100	0	NA	26	NA	NA	NA	1022,5	NA	NA	7	1116,4	34759,7	38,8	25,9	NA	NA	NA	104,1A	NA	
12.06.2025 13:21:53	P	25	6	12	13	21	34	1	100	0	NA	26	NA	NA	NA	1022,5	NA	NA	7	1116,4	34759,7	38,8	25,9	NA	NA	NA	104,1A	NA	
12.06.2025 13:21:54	P	25	6	12	13	21	35	1	100	0	NA	26	NA	NA	NA	1022,5	NA	NA	7	1116,4	34759,7	38,8	25,9	NA	NA	NA	104,1A	NA	
12.06.2025 13:21:55	P	25	6	12	13	21	36	1	100	0	NA	26	NA	NA	NA	1022,5	NA	NA	7	1116,4	34759,8	38,5	26,0	NA	NA	NA	104,1A	NA	
12.06.2025 13:21:56	P	25	6	12	13	21	37	1	100	0	NA	26	NA	NA	NA	1022,5	NA	NA	7	1116,4	34759,8	38,5	26,0	NA	NA	NA	104,1A	NA	
12.06.2025 13:21:57	P	25	6	12	13	21	38	1	100	0	NA	26	NA	NA	NA	1022,5	NA	NA	7	1116,4	34759,8	38,5	26,0	NA	NA	NA	104,1A	NA	
12.06.2025 13:21:58	P	25	6	12	13	21	39	1	100	0	NA	26	NA	NA	NA	1022,5	NA	NA	7	1116,4	34759,8	38,5	26,0	NA	NA	NA	104,1A	NA	
12.06.2025 13:21:59	P	25	6	12	13	21	40	1	100	0	NA	26	NA	NA	NA	1022,5	NA	NA	7	1116,4	34759,8	38,5	26,0	NA	NA	NA	104,1A	NA	
12.06.2025 13:22:00	P	25	6	12	13	21	41	1	100	0	NA	26	NA	NA	NA	1022,5	NA	NA	7	1116,4	34759,8	38,5	26,0	NA	NA	NA	104,1A	NA	
12.06.2025 13:22:01	P	25	6	12	13	21	42	1	100	0	NA	26	NA	NA	NA	1022,5	NA	NA	7	1116,4	34759,9	38,3	26,0	NA	NA	NA	104,1A	NA	
12.06.2025 13:22:02	P	25	6	12	13	21	43	1	100	0	NA	26	NA	NA	NA	1022,5	NA	NA	7	1116,4	34759,9	38,3	26,0	NA	NA	NA	104,1A	NA	
12.06.2025 13:22:03	P	25	6	12	13	21	44	1	100	0	NA	26	NA	NA	NA	1022,5	NA	NA	7	1116,4	34759,9	38,3	26,0	NA	NA	NA	104,1A	NA	
12.06.2025 13:22:04	P	25	6	12	13	21	45	1	100	0	NA	26	NA	NA	NA	1022,9	NA	NA	7	1116,4	34759,9	38,3	26,0	NA	NA	NA	104,1A	NA	
12.06.2025 13:22:05	P	25	6	12	13	21	46	1	100	0	NA	26	NA	NA	NA	1022,5	NA	NA	7	1116,4	34759,9	38,3	26,0	NA	NA	NA	104,1A	NA	
12.06.2025 13:22:06	P	25	6	12	13	21	47	1	100	0	NA	26	NA	NA	NA	1022,5	NA	NA	7	1116,4	34759,9	38,3	26,0	NA	NA	NA	104,1A	NA	
12.06.2025 13:22:07	P	25	6	12	13	21	48	1	100	0	NA	26	NA	NA	NA	1022,5	NA	NA	7	1116,4	34760,0	38,0	26,0	NA	NA	NA	104,1A	NA	
12.06.2025 13:22:08	P	25	6	12	13	21	49	1	100	0	NA	26	NA	NA	NA	1022,5	NA	NA	7	1116,4	34760,0	38,0	26,0	NA	NA	NA	104,1A	NA	
12.06.2025 13:22:09	P	25	6	12	13	21	50	1	100	0	NA	26	NA	NA	NA	1022,9	NA	NA	7	1116,4	34760,0	38,0	26,0	NA	NA	NA	104,1A	NA	
12.06.2025 13:22:10	P	25	6	12	13	21	51	1	100	0	NA	26	NA	NA	NA	1022,5	NA	NA	7	1116,4	34760,0	38,0	26,0	NA	NA	NA	104,1A	NA	
12.06.2025 13:22:11	P	25	6	12	13	21	52	1	100	0	NA	26	NA	NA	NA	1022,5	NA	NA	7	1116,4	34760,0	38,0	26,0	NA	NA	NA	104,1A	NA	
12.06.2025 13:22:12	P	25	6	12	13	21	53	1	100	0	NA	26	NA	NA	NA	1022,5	NA	NA	7	1116,4	34760,0	38,0	26,0	NA	NA	NA	104,1A	NA	
12.06.2025 13:22:13	P	25	6	12	13	21	54	1	100	0	NA	26	NA	NA	NA	1022,5	NA	NA	7	1116,4	34760,2	37,9	26,0	NA	NA	NA	104,1A	NA	
12.06.2025 13:22:14	P	25	6	12	13	21	55	1	100	0	NA	26	NA	NA	NA	1022,5	NA	NA	7	1116,4	34760,2	37,9	26,0	NA	NA	NA	104,1A	NA	
12.06.2025 13:22:15	P	25	6	12	13	21	56	1	100	0	NA	26	NA	NA	NA	1022,5	NA	NA	7	1116,4	34760,2	37,9	26,0	NA	NA	NA	104,1A	NA	
12.06.2025 13:22:16	P	25	6	12	13	21	57	1	100	0	NA	26	NA	NA	NA	1022,9	NA	NA	7	1116,4	34760,2	37,9	26,0	NA	NA	NA	104,1A	NA	
12.06.2025 13:22:17	P	25	6	12	13	21	58	1	100	0	NA	26	NA	NA	NA	1022,5	NA	NA	7	1116,4	34760,2	37,9	26,0	NA	NA	NA	104,1A	NA	
12.06.2025 13:22:18	P	25	6	12	13	21	59	1	100	0	NA	26	NA	NA	NA	1022,5	NA	NA	7	1116,4	34760,2	37,9	26,0	NA	NA	NA	104,1A	NA	
12.06.2025 13:22:19	P	25	6	12	13	22	0	1	100	0	NA	26	NA	NA	NA	1022,5	NA	NA	7	1116,4	34760,3	37,7	26,0	NA	NA	NA	104,1A	NA	
12.06.2025 13:22:20	P	25	6	12	13	22	1	1	100	0	NA	26	NA	NA	NA	1022,5	NA	NA	7	1116,4	34760,3	37,7	26,0	NA	NA	NA	104,1A	NA	
12.06.2025 13:22:21	P	25	6	12	13	22	2	1	100	0	NA	26	NA	NA	NA	1022,5	NA	NA	7	1116,4	34760,3	37,7	26,0	NA	NA	NA	104,1A	NA	
12.06.2025 13:22:22	P	25	6	12	13	22	3	1	100	0	NA	26	NA	NA	NA	1022,5	NA	NA	7	1116,4	34760,3	37,7	26,0	NA	NA	NA	104,1A	NA	
12.06.2025 13:22:23	P	25	6	12	13	22	4	1	100	0	NA	26	NA	NA	NA	1022,9	NA	NA	7	1116,4	34760,3	37,7	26,0	NA	NA	NA	104,1A	NA	
12.06.2025 13:22:24	P	25	6	12	13	22	5	1	100	0	NA	26	NA	NA	NA	1022,5	NA	NA	7	1116,4	34760,3	37,7	26,0	NA	NA	NA	104,1A	NA	
12.06.2025 13:22:25	P	25	6	12	13	22	6	1	100	0	NA	26	NA	NA	NA	1022,5	NA	NA	7	1116,4	34760,4	37,5	26,0	NA	NA	NA	104,1A	NA	
12.06.2025 13:22:26	P	25	6	12	13	22	7	1	100	0	NA	26	NA	NA	NA	1022,9	NA	NA	7	1116,4	34760,4	37,5	26,0	NA	NA	NA	104,1A	NA	
12.06.2025 13:22:27	P	25	6	12	13	22	8	1	100	0	NA	26	NA	NA	NA	1022,5	NA	NA	7	1116,4	34760,4	37,5	26,0	NA	NA	NA	104,1A	NA	
12.06.2025 13:22:28	P	25	6	12	13	22	9	1	100	0	NA	26	NA	NA	NA	1022,9	NA	NA	7	1116,4	34760,4	37,5	26,0	NA	NA	NA	104,1A	NA	
12.06.2025 13:22:29	P	25	6	12	13	22	10	1	100	0	NA	26	NA	NA	NA	1022,5	NA	NA	7	1116,4	34760,4	37,5	26,0	NA	NA	NA	104,1A	NA	
12.06.2025 13:22:30	P	25	6	12	13	22	11	1	100	0	NA	27	NA	NA	NA	1022,5	NA	NA	7	1116,4	34760,4	37,5	26,0	NA	NA	NA	104,1A	NA	
12.06.2025 13:22:31	P	25	6	12	13	22	12	1	100	0	NA	26	NA	NA	NA	1022,5	NA	NA	7	1116,4	34760,5	37,5	26,0	NA	NA	NA	104,1A	NA	
12.06.2025 13:22:32	P	25	6	12	13	22	13	1	100	0	NA	26	NA	NA	NA	1022,5	NA	NA	7	1116,4	34760,5	37,5	26,0	NA	NA	NA	104,1A	NA	
12.06.2025 13:22:33	P	25	6	12	13	22	14	1	100	0	NA	26	NA	NA	NA	1022,5	NA	NA	7	1116,4	34760,5	37,5	26,0	NA	NA	NA	104,1A	NA	
12.06.2025 13:22:34	P	25	6	12	13	22	15	1	100	0	NA	26	NA	NA	NA	1022,5	NA	NA	7	1116,4	34760,5	37,5	26,0	NA	NA	NA	104,1A	NA	
12.06.2025 13:22:35	P	25	6	12	13	22	16	1	100	0	NA	26	NA	NA	NA	1022,5	NA	NA	7	1116,4	34760,5	37,5	26,0	NA	NA	NA	104,1A	NA	
12.06.2025 13:22:36	P	25	6	12	13	22	17	1	100	0	NA	26	NA	NA	NA	1022,9	NA	NA	7	1116,4	34760,5	37,5	26,0	NA	NA	NA	104,1A	NA	
12.06.2025 13:22:37	P	25	6	12	13	22	18	1	100	0	NA	26	NA	NA	NA	1022,5	NA	NA	7	1116,4	34760,6	37,3	26,1	NA	NA	NA	104,1A	NA	
12.06.2025 13:22:38	P	25	6	12	13	22	19	1	100	0	NA	26	NA	NA	NA	1022,5	NA	NA	7	1116,4	34760,6	37,3	26,1	NA	NA	NA	104,1A	NA	
12.06.2025 13:22:39	P	25	6	12	13	22	20	1	100	0	NA	26	NA	NA	NA	1022,5	NA	NA	7	1116,4	34760,6	37,3	26,1	NA	NA	NA	104,1A	NA	
12.06.2025 13:22:40	P	25	6	12	13	22	21	1	100	0	NA	26	NA	NA	NA	1022,5	NA	NA	7	1116,4	34760,6	37,3	26,1	NA	NA	NA	104,1A	NA	
12.06.2025 13:22:41	P	25	6	12	13	22	22	1	100	0	NA	26	NA	NA	NA	1022,5	NA	NA	7	1116,4	34760,6	37,3	26,1	NA	NA	NA	104,1A	NA	
12.06.2025 13:22:42	P	25	6	12	13	22	23	1	100	0	NA	26	NA	NA	NA	1022,5	NA	NA	7	1116,4	34760,6	37,3	26,1	NA	NA	NA	104,1A	NA	
12.06.2025 13:22:43	P	25	6	12	13	22	24	1	100	0	NA	27	NA	NA	NA	1022,5	NA	NA	7	1116,4	34760,8	37,3	26,1	NA	NA	NA	104,1A	NA	
12.06.2025 13:22:44	P	25	6	12	13	22	25	1	100	0	NA	26	NA	NA	NA	1022,5	NA	NA	7	1116,4	34760,8	37,3	26,1	NA	NA	NA	104,1A	NA	
12.06.2025 13:22:45	P	25	6	12	13	22	26	1	100	0	NA	26	NA	NA	NA	1022,5	NA	NA	7	1116,4	34760,8	37,3	26,1	NA	NA	NA	104,1A	NA	
12.06.2025 13:22:46	P	25	6	12	13	22	27	1	100	0	NA	27	NA	NA	NA	1022,5	NA	NA	7	1116,4	34760,8	37,3	26,1	NA	NA	NA	104,1A	NA	
12.06.2025 13:22:47	P	25	6	12	13	22	28	1	100	0	NA	26	NA	NA	NA	1022,9	NA	NA	7	1116,4	34760,8	37,3	26,1	NA	NA	NA	104,1A	NA	
12.06.2025 13:22:48	P	25	6	12	13	22	29	1	100	0	NA	26	NA	NA	NA	1022,5	NA	NA	7	1116,4	34760,8	37,3	26,1	NA	NA	NA	104,1A	NA	
12.06.2025 13:22:49	P	25	6	12	13	22	30	1	100	0	NA	26	NA	NA	NA	1022,5	NA	NA	7	1116,4	34760,9	37,2	26,1	NA	NA	NA	104,1A	NA	
12.06.2025 13:22:50	P	25	6	12	13	22	31	1	100	0	NA	26	NA	NA	NA	1022,5	NA	NA	7	1116,4	34760,9	37,2	26,1	NA	NA	NA	104,1A	NA	
12.06.2025 13:22:51	P	25	6	12	13	22	32	1	100	0	NA	26	NA	NA	NA	1022,5	NA	NA	7	1116,4	34760,9	37,2	26,1	NA	NA	NA	104,1A	NA	
12.06.2025 13:22:52	P	25	6	12	13	22	33	1	100	0	NA	26	NA	NA	NA	1022,9	NA	NA	7	1116,4	34760,9	37,2	26,1	NA	NA	NA	104,1A	NA	
12.06.2025 13:22:53	P	25	6	12	13	22	34	1	100	0	NA	27	NA	NA	NA	1022,9	NA	NA	7	1116,4	34760,9	37,2	26,1	NA	NA	NA	104,1A	NA	
12.06.2025 13:22:54	P	25	6	12	13	22	35	1	100	0	NA	26	NA	NA	NA	1022,5	NA	NA	7	1116,4	34760,9	37,2	26,1	NA	NA	NA	104,1A	NA	
12.06.2025 13:22:55	P	25	6	12	13	22	36	1	100	0	NA	26	NA	NA	NA	1022,5	NA	NA	7	1116,4	34761,0	37,1	26,1	NA	NA	NA	104,1A	NA	
12.06.2025 13:22:56	P	25	6	12	13	22	37	1	100	0	NA	26	NA	NA	NA	1022,5	NA	NA	7	1116,4	34761,0	37,1	26,1	NA	NA	NA	104,1A	NA	
12.06.2025 13:22:57	P	25	6	12	13	22	38	1	100	0	NA	26	NA	NA	NA	1022,5	NA	NA	7	1116,4	34761,0	37,1	26,1	NA	NA	NA	104,1A	NA	
12.06.2025 13:22:58	P	25	6	12	13	22	39	1	100	0	NA	26	NA	NA	NA	1022,9	NA	NA	7	1116,4	34761,0	37,1	26,1	NA	NA	NA	104,1A	NA	
12.06.2025 13:22:59	P	25	6	12	13	22	40	1	100	0	NA	26	NA	NA	NA	1022,9	NA	NA	7	1116,4	34761,0	37,1	26,1	NA	NA	NA	104,1A	NA	
12.06.2025 13:23:00	P	25	6	12	13	22	41	1	100	0	NA	26	NA	NA	NA	1022,9	NA	NA	7	1116,4	34761,0	37,1	26,1	NA	NA	NA	104,1A	NA	
12.06.2025 13:23:01	P	25	6	12	13	22	42	1	100	0	NA	26	NA	NA	NA	1022,5	NA	NA	7	1116,4	34761,1	37,1	26,1	NA	NA	NA	104,1A	NA	
12.06.2025 13:23:02	P	25	6	12	13	22	43	1	100	0	NA	26	NA	NA	NA	1022,5	NA	NA	7	1116,4	34761,1	37,1	26,1	NA	NA	NA	104,1A	NA	
12.06.2025 13:23:03	P	25	6	12	13	22	44	1	100	0	NA	26	NA	NA	NA	1022,5	NA	NA	7	1116,4	34761,1	37,1	26,1	NA	NA	NA	104,1A	NA	
12.06.2025 13:23:04	P	25	6	12	13	22	45	1	100	0	NA	26	NA	NA	NA	1022,5	NA	NA	7	1116,4	34761,1	37,1	26,1	NA	NA	NA	104,1A	NA	
12.06.2025 13:23:05	P	25	6	12	13	22	46	1	100	0	NA	26	NA	NA	NA	1022,5	NA	NA	7	1116,4	34761,1	37,1	26,1	NA	NA	NA	104,1A	NA	
12.06.2025 13:23:06	P	25	6	12	13	22	47	1	100	0	NA	26	NA	NA	NA	1022,5	NA	NA	7	1116,4	34761,1	37,1	26,1	NA	NA	NA	104,1A	NA	
12.06.2025 13:23:07	P	25	6	12	13	22	48	1	100	0	NA	26	NA	NA	NA	1022,5	NA	NA	7	1116,4	34761,3	36,9	26,1	NA	NA	NA	104,1A	NA	
12.06.2025 13:23:08	P	25	6	12	13	22	49	1	100	0	NA	26	NA	NA	NA	1022,5	NA	NA	7	1116,4	34761,3	36,9	26,1	NA	NA	NA	104,1A	NA	
12.06.2025 13:23:09	P	25	6	12	13	22	50	1	100	0	NA	26	NA	NA	NA	1022,5	NA	NA	7	1116,4	34761,3	36,9	26,1	NA	NA	NA	104,1A	NA	
12.06.2025 13:23:10	P	25	6	12	13	22	51	1	100	0	NA	26	NA	NA	NA	1022,5	NA	NA	7	1116,4	34761,3	36,9	26,1	NA	NA	NA	104,1A	NA	
12.06.2025 13:23:11	P	25	6	12	13	22	52	1	100	0	NA	26	NA	NA	NA	1022,5	NA	NA	7	1116,4	34761,3	36,9	26,1	NA	NA	NA	104,1A	NA	
12.06.2025 13:23:12	P	25	6	12	13	22	53	1	100	0	NA	26	NA	NA	NA	1022,5	NA	NA	7	1116,4	34761,3	36,9	26,1	NA	NA	NA	104,1A	NA	
12.06.2025 13:23:13	P	25	6	12	13	22	54	1	100	0	NA	26	NA	NA	NA	1022,5	NA	NA	7	1116,4	34761,4	36,9	26,1	NA	NA	NA	104,1A	NA	
12.06.2025 13:23:14	P	25	6	12	13	22	55	1	100	0	NA	26	NA	NA	NA	1022,5	NA	NA	7	1116,4	34761,4	36,9	26,1	NA	NA	NA	104,1A	NA	
12.06.2025 13:23:15	P	25	6	12	13	22	56	1	100	0	NA	26	NA	NA	NA	1022,5	NA	NA	7	1116,4	34761,4	36,9	26,1	NA	NA	NA	104,1A	NA	
12.06.2025 13:23:16	P	25	6	12	13	22	57	1	100	0	NA	26	NA	NA	NA	1022,5	NA	NA	7	1116,4	34761,4	36,9	26,1	NA	NA	NA	104,1A	NA	
12.06.2025 13:23:17	P	25	6	12	13	22	58	1	100	0	NA	26	NA	NA	NA	1022,5	NA	NA	7	1116,4	34761,4	36,9	26,1	NA	NA	NA	104,1A	NA	
12.06.2025 13:23:18	P	25	6	12	13	22	59	1	100	0	NA	26	NA	NA	NA	1022,5	NA	NA	7	1116,4	34761,4	36,9	26,1	NA	NA	NA	104,1A	NA	
12.06.2025 13:23:19	P	25	6	12	13	23	0	1	100	0	NA	26	NA	NA	NA	1022,5	NA	NA	7	1116,4	34761,5	36,9	26,1	NA	NA	NA	104,1A	NA	
12.06.2025 13:23:20	P	25	6	12	13	23	1	1	100	0	NA	26	NA	NA	NA	1022,5	NA	NA	7	1116,4	34761,5	36,9	26,1	NA	NA	NA	104,1A	NA	
12.06.2025 13:23:21	P	25	6	12	13	23	2	1	100	0	NA	26	NA	NA	NA	1022,9	NA	NA	7	1116,4	34761,5	36,9	26,1	NA	NA	NA	104,1A	NA	
12.06.2025 13:23:22	P	25	6	12	13	23	3	1	100	0	NA	26	NA	NA	NA	1022,5	NA	NA	7	1116,4	34761,5	36,9	26,1	NA	NA	NA	104,1A	NA	
12.06.2025 13:23:23	P	25	6	12	13	23	4	1	100	0	NA	26	NA	NA	NA	1022,5	NA	NA	7	1116,4	34761,5	36,9	26,1	NA	NA	NA	104,1A	NA	
12.06.2025 13:23:24	P	25	6	12	13	23	5	1	100	0	NA	26	NA	NA	NA	1022,9	NA	NA	7	1116,4	34761,5	36,9	26,1	NA	NA	NA	104,1A	NA	
12.06.2025 13:23:25	P	25	6	12	13	23	6	1	100	0	NA	26	NA	NA	NA	1022,9	NA	NA	7	1116,4	34761,6	36,8	26,2	NA	NA	NA	104,1A	NA	
12.06.2025 13:23:26	P	25	6	12	13	23	7	1	100	0	NA	26	NA	NA	NA	1022,9	NA	NA	7	1116,4	34761,6	36,8	26,2	NA	NA	NA	104,1A	NA	
12.06.2025 13:23:27	P	25	6	12	13	23	8	1	100	0	NA	26	NA	NA	NA	1022,9	NA	NA	7	1116,4	34761,6	36,8	26,2	NA	NA	NA	104,1A	NA	
12.06.2025 13:23:28	P	25	6	12	13	23	9	1	100	0	NA	26	NA	NA	NA	1022,9	NA	NA	7	1116,4	34761,6	36,8	26,2	NA	NA	NA	104,1A	NA	
12.06.2025 13:23:29	P	25	6	12	13	23	10	1	100	0	NA	26	NA	NA	NA	1022,9	NA	NA	7	1116,4	34761,6	36,8	26,2	NA	NA	NA	104,1A	NA	
12.06.2025 13:23:30	P	25	6	12	13	23	11	1	100	0	NA	26	NA	NA	NA	1022,9	NA	NA	7	1116,4	34761,6	36,8	26,2	NA	NA	NA	104,1A	NA	
12.06.2025 13:23:31	P	25	6	12	13	23	12	1	100	0	NA	26	NA	NA	NA	1022,9	NA	NA	7	1116,4	34761,7	36,8	26,1	NA	NA	NA	104,1A	NA	
12.06.2025 13:23:32	P	25	6	12	13	23	13	1	100	0	NA	26	NA	NA	NA	1022,9	NA	NA	7	1116,4	34761,7	36,8	26,1	NA	NA	NA	104,1A	NA	
12.06.2025 13:23:33	P	25	6	12	13	23	14	1	100	0	NA	26	NA	NA	NA	1022,5	NA	NA	7	1116,4	34761,7	36,8	26,1	NA	NA	NA	104,1A	NA	
12.06.2025 13:23:34	P	25	6	12	13	23	15	1	100	0	NA	26	NA	NA	NA	1022,5	NA	NA	7	1116,4	34761,7	36,8	26,1	NA	NA	NA	104,1A	NA	
12.06.2025 13:23:35	P	25	6	12	13	23	16	1	100	0	NA	26	NA	NA	NA	1022,5	NA	NA	7	1116,4	34761,7	36,8	26,1	NA	NA	NA	104,1A	NA	
12.06.2025 13:23:36	P	25	6	12	13	23	17	1	100	0	NA	26	NA	NA	NA	1022,5	NA	NA	7	1116,4	34761,7	36,8	26,1	NA	NA	NA	104,1A	NA	
12.06.2025 13:23:37	P	25	6	12	13	23	18	1	100	0	NA	26	NA	NA	NA	1022,5	NA	NA	7	1116,4	34761,9	36,7	26,2	NA	NA	NA	104,1A	NA	
12.06.2025 13:23:38	P	25	6	12	13	23	19	1	100	0	NA	26	NA	NA	NA	1022,5	NA	NA	7	1116,4	34761,9	36,7	26,2	NA	NA	NA	104,1A	NA	
12.06.2025 13:23:39	P	25	6	12	13	23	20	1	100	0	NA	26	NA	NA	NA	1022,9	NA	NA	7	1116,4	34761,9	36,7	26,2	NA	NA	NA	104,1A	NA	
12.06.2025 13:23:40	P	25	6	12	13	23	21	1	100	0	NA	26	NA	NA	NA	1022,5	NA	NA	7	1116,4	34761,9	36,7	26,2	NA	NA	NA	104,1A	NA	
12.06.2025 13:23:41	P	25	6	12	13	23	22	1	100	0	NA	26	NA	NA	NA	1022,5	NA	NA	7	1116,4	34761,9	36,7	26,2	NA	NA	NA	104,1A	NA	
12.06.2025 13:23:42	P	25	6	12	13	23	23	1	100	0	NA	26	NA	NA	NA	1022,5	NA	NA	7	1116,4	34761,9	36,7	26,2	NA	NA	NA	104,1A	NA	
12.06.2025 13:23:43	P	25	6	12	13	23	24	1	100	0	NA	26	NA	NA	NA	1022,5	NA	NA	7	1116,4	34762,0	36,7	26,2	NA	NA	NA	104,1A	NA	
12.06.2025 13:23:44	P	25	6	12	13	23	25	1	100	0	NA	26	NA	NA	NA	1022,9	NA	NA	7	1116,4	34762,0	36,7	26,2	NA	NA	NA	104,1A	NA	
12.06.2025 13:23:45	P	25	6	12	13	23	26	1	100	0	NA	26	NA	NA	NA	1022,9	NA	NA	7	1116,4	34762,0	36,7	26,2	NA	NA	NA	104,1A	NA	
12.06.2025 13:23:46	P	25	6	12	13	23	27	1	100	0	NA	26	NA	NA	NA	1022,9	NA	NA	7	1116,4	34762,0	36,7	26,2	NA	NA	NA	104,1A	NA	
12.06.2025 13:23:47	P	25	6	12	13	23	28	1	100	0	NA	26	NA	NA	NA	1022,5	NA	NA	7	1116,4	34762,0	36,7	26,2	NA	NA	NA	104,1A	NA	
12.06.2025 13:23:48	P	25	6	12	13	23	29	1	100	0	NA	26	NA	NA	NA	1022,9	NA	NA	7	1116,4	34762,0	36,7	26,2	NA	NA	NA	104,1A	NA	
12.06.2025 13:23:49	P	25	6	12	13	23	30	1	100	0	NA	26	NA	NA	NA	1022,5	NA	NA	7	1116,4	34762,1	36,6	26,2	NA	NA	NA	104,1A	NA	
12.06.2025 13:23:50	P	25	6	12	13	23	31	1	100	0	NA	26	NA	NA	NA	1022,5	NA	NA	7	1116,4	34762,1	36,6	26,2	NA	NA	NA	104,1A	NA	
12.06.2025 13:23:51	P	25	6	12	13	23	32	1	100	0	NA	26	NA	NA	NA	1022,9	NA	NA	7	1116,4	34762,1	36,6	26,2	NA	NA	NA	104,1A	NA	
12.06.2025 13:23:52	P	25	6	12	13	23	33	1	100	0	NA	26	NA	NA	NA	1022,9	NA	NA	7	1116,4	34762,1	36,6	26,2	NA	NA	NA	104,1A	NA	
12.06.2025 13:23:53	P	25	6	12	13	23	34	1	100	0	NA	26	NA	NA	NA	1022,9	NA	NA	7	1116,4	34762,1	36,6	26,2	NA	NA	NA	104,1A	NA	
12.06.2025 13:23:54	P	25	6	12	13	23	35	1	100	0	NA	26	NA	NA	NA	1022,5	NA	NA	7	1116,4	34762,1	36,6	26,2	NA	NA	NA	104,1A	NA	
12.06.2025 13:23:55	P	25	6	12	13	23	36	1	100	0	NA	26	NA	NA	NA	1022,5	NA	NA	7	1116,4	34762,2	36,6	26,2	NA	NA	NA	104,1A	NA	
12.06.2025 13:23:56	P	25	6	12	13	23	37	1	100	0	NA	26	NA	NA	NA	1022,9	NA	NA	7	1116,4	34762,2	36,6	26,2	NA	NA	NA	104,1A	NA	
12.06.2025 13:23:57	P	25	6	12	13	23	38	1	100	0	NA	26	NA	NA	NA	1022,5	NA	NA	7	1116,4	34762,2	36,6	26,2	NA	NA	NA	104,1A	NA	
12.06.2025 13:23:58	P	25	6	12	13	23	39	1	100	0	NA	26	NA	NA	NA	1022,9	NA	NA	7	1116,4	34762,2	36,6	26,2	NA	NA	NA	104,1A	NA	
12.06.2025 13:23:59	P	25	6	12	13	23	40	1	100	0	NA	26	NA	NA	NA	1022,5	NA	NA	7	1116,4	34762,2	36,6	26,2	NA	NA	NA	104,1A	NA	
12.06.2025 13:24:00	P	25	6	12	13	23	41	1	100	0	NA	26	NA	NA	NA	1022,5	NA	NA	7	1116,4	34762,2	36,6	26,2	NA	NA	NA	104,1A	NA	
12.06.2025 13:24:01	P	25	6	12	13	23	42	1	100	0	NA	26	NA	NA	NA	1022,5	NA	NA	7	1116,4	34762,3	36,6	26,2	NA	NA	NA	104,1A	NA	
12.06.2025 13:24:02	P	25	6	12	13	23	43	1	100	0	NA	26	NA	NA	NA	1022,9	NA	NA	7	1116,4	34762,3	36,6	26,2	NA	NA	NA	104,1A	NA	
12.06.2025 13:24:03	P	25	6	12	13	23	44	1	100	0	NA	26	NA	NA	NA	1022,5	NA	NA	7	1116,4	34762,3	36,6	26,2	NA	NA	NA	104,1A	NA	
12.06.2025 13:24:04	P	25	6	12	13	23	45	1	100	0	NA	26	NA	NA	NA	1022,5	NA	NA	7	1116,4	34762,3	36,6	26,2	NA	NA	NA	104,1A	NA	
12.06.2025 13:24:05	P	25	6	12	13	23	46	1	100	0	NA	26	NA	NA	NA	1022,5	NA	NA	7	1116,4	34762,3	36,6	26,2	NA	NA	NA	104,1A	NA	
12.06.2025 13:24:06	P	25	6	12	13	23	47	1	100	0	NA	26	NA	NA	NA	1022,5	NA	NA	7	1116,4	34762,3	36,6	26,2	NA	NA	NA	104,1A	NA	
12.06.2025 13:24:07	P	25	6	12	13	23	48	1	100	0	NA	26	NA	NA	NA	1022,9	NA	NA	7	1116,4	34762,5	36,5	26,2	NA	NA	NA	104,1A	NA	
