<Header>
User name: Carl
Location: probe cabin
# of Location: 1
Model: 11-D
Serial No.: 11D20167
Firmware revision: 12.50E
Software revision: 1179-V2.05 (15-06-2020)
Unit: dM [ug/m3]
C-factor: 1,00
location factor: 1,00
Comment: F2583
online data
<Data>
[d&t31.12.2035 11:50:55]	0,253 um	0,298 um	0,352 um	0,414 um	0,488 um	0,576 um	0,679 um	0,800 um	0,943 um	1,112 um	1,310 um	1,545 um	1,821 um	2,146 um	2,530 um	2,982 um
12.06.2025 13:21:15	0,32	0,23	0,24	0,25	0,16	0,08	0,12	0,06	0,05	0,00	0,26	0,21	0,69	0,00	0,00	0,00
12.06.2025 13:21:16	0,30	0,23	0,19	0,24	0,15	0,14	0,11	0,00	0,05	0,00	0,38	0,00	0,34	0,56	0,00	0,00
12.06.2025 13:21:17	0,29	0,21	0,23	0,21	0,13	0,08	0,12	0,00	0,00	0,08	0,13	0,21	0,34	0,00	0,00	1,51
12.06.2025 13:21:18	0,34	0,23	0,22	0,17	0,11	0,17	0,07	0,12	0,14	0,00	0,13	0,00	0,34	0,56	0,00	3,02
12.06.2025 13:21:19	0,33	0,21	0,27	0,26	0,12	0,09	0,16	0,09	0,10	0,00	0,26	0,21	0,00	0,00	0,92	0,00
12.06.2025 13:21:20	0,29	0,22	0,20	0,22	0,12	0,05	0,07	0,00	0,00	0,08	0,26	0,42	0,69	0,56	0,00	3,02
12.06.2025 13:21:21	0,31	0,22	0,24	0,25	0,17	0,12	0,14	0,03	0,19	0,08	0,26	0,00	0,69	1,69	0,00	3,02
12.06.2025 13:21:22	0,33	0,25	0,25	0,26	0,17	0,15	0,04	0,03	0,00	0,16	0,26	0,84	0,34	0,00	1,84	1,51
12.06.2025 13:21:23	0,29	0,24	0,27	0,20	0,17	0,09	0,11	0,06	0,00	0,23	0,00	0,00	0,69	0,00	0,00	0,00
12.06.2025 13:21:24	0,28	0,24	0,21	0,19	0,17	0,14	0,05	0,03	0,10	0,16	0,00	0,21	0,34	0,00	0,00	0,00
12.06.2025 13:21:25	0,31	0,21	0,23	0,20	0,12	0,11	0,11	0,09	0,00	0,16	0,51	0,42	0,69	1,12	0,92	3,02
12.06.2025 13:21:26	0,30	0,21	0,18	0,17	0,21	0,15	0,12	0,06	0,00	0,08	0,26	0,21	0,34	0,56	0,92	4,52
12.06.2025 13:21:27	0,26	0,22	0,25	0,23	0,13	0,14	0,12	0,09	0,10	0,00	0,26	0,21	1,03	0,56	0,92	1,51
12.06.2025 13:21:28	0,33	0,23	0,21	0,21	0,18	0,16	0,09	0,12	0,10	0,08	0,00	0,42	0,34	0,00	0,92	4,52
12.06.2025 13:21:29	0,32	0,25	0,16	0,25	0,13	0,15	0,05	0,12	0,10	0,31	0,00	0,21	0,00	0,00	0,00	3,02
12.06.2025 13:21:30	0,32	0,25	0,23	0,19	0,14	0,13	0,11	0,03	0,05	0,08	0,00	0,21	0,34	0,00	0,92	0,00
12.06.2025 13:21:31	0,32	0,24	0,22	0,26	0,18	0,13	0,09	0,06	0,10	0,08	0,13	0,21	0,69	1,12	0,00	3,02
12.06.2025 13:21:32	0,32	0,22	0,24	0,24	0,18	0,21	0,12	0,00	0,10	0,00	0,00	0,21	0,34	0,00	1,84	1,51
12.06.2025 13:21:33	0,34	0,25	0,21	0,25	0,17	0,16	0,11	0,12	0,10	0,23	0,13	0,63	0,34	0,00	0,92	1,51
12.06.2025 13:21:34	0,28	0,23	0,19	0,18	0,17	0,10	0,18	0,03	0,05	0,08	0,13	0,42	0,00	0,00	0,00	3,02
12.06.2025 13:21:35	0,29	0,23	0,22	0,27	0,17	0,15	0,14	0,15	0,05	0,16	0,26	0,21	0,34	0,00	0,92	1,51
12.06.2025 13:21:36	0,32	0,27	0,25	0,31	0,11	0,17	0,11	0,12	0,00	0,16	0,26	0,63	0,00	0,00	0,00	4,52
12.06.2025 13:21:37	0,29	0,20	0,27	0,27	0,17	0,15	0,11	0,12	0,10	0,16	0,00	0,00	0,00	0,00	0,00	3,02
12.06.2025 13:21:38	0,32	0,21	0,21	0,22	0,16	0,11	0,04	0,03	0,10	0,00	0,38	0,21	0,69	0,56	0,00	1,51
12.06.2025 13:21:39	0,26	0,20	0,24	0,30	0,18	0,05	0,12	0,09	0,14	0,08	0,51	0,21	1,03	0,00	0,00	1,51
12.06.2025 13:21:40	0,31	0,23	0,23	0,26	0,17	0,10	0,07	0,12	0,05	0,00	0,13	0,84	0,00	0,56	0,92	0,00
12.06.2025 13:21:41	0,29	0,24	0,22	0,26	0,15	0,14	0,05	0,09	0,10	0,16	0,26	0,00	0,69	0,56	0,92	4,52
12.06.2025 13:21:42	0,29	0,23	0,21	0,27	0,17	0,15	0,11	0,06	0,05	0,23	0,13	0,00	0,69	0,00	1,84	1,51
12.06.2025 13:21:43	0,25	0,27	0,21	0,21	0,20	0,16	0,07	0,12	0,10	0,16	0,13	0,00	0,00	1,12	0,00	1,51
12.06.2025 13:21:44	0,31	0,23	0,21	0,19	0,12	0,08	0,04	0,15	0,10	0,16	0,38	0,21	0,00	0,56	1,84	4,52
12.06.2025 13:21:45	0,30	0,21	0,22	0,21	0,17	0,25	0,11	0,06	0,00	0,16	0,13	0,00	0,00	0,56	0,92	4,52
12.06.2025 13:21:46	0,33	0,22	0,20	0,22	0,13	0,11	0,07	0,06	0,00	0,08	0,13	0,00	0,34	0,00	1,84	1,51
12.06.2025 13:21:47	0,29	0,26	0,23	0,19	0,13	0,14	0,11	0,03	0,19	0,16	0,00	0,42	0,00	0,00	0,00	3,02
12.06.2025 13:21:48	0,27	0,22	0,24	0,25	0,16	0,07	0,05	0,09	0,14	0,00	0,13	0,21	0,00	0,56	0,00	0,00
12.06.2025 13:21:49	0,31	0,24	0,19	0,27	0,15	0,11	0,05	0,03	0,05	0,16	0,13	0,63	0,34	0,56	0,00	0,00
12.06.2025 13:21:50	0,32	0,21	0,24	0,30	0,19	0,15	0,09	0,03	0,19	0,00	0,26	0,21	0,69	0,00	0,92	3,02
12.06.2025 13:21:51	0,32	0,24	0,20	0,21	0,17	0,15	0,16	0,06	0,29	0,16	0,38	0,21	0,34	1,69	0,00	1,51
12.06.2025 13:21:52	0,31	0,22	0,22	0,28	0,16	0,15	0,12	0,12	0,00	0,00	0,26	0,63	0,00	0,00	1,84	3,02
12.06.2025 13:21:53	0,31	0,24	0,21	0,28	0,18	0,15	0,18	0,06	0,05	0,08	0,00	0,21	0,69	1,69	0,00	1,51
12.06.2025 13:21:54	0,30	0,26	0,26	0,22	0,12	0,16	0,09	0,09	0,10	0,08	0,26	0,42	0,69	0,56	0,92	1,51
12.06.2025 13:21:55	0,30	0,23	0,21	0,26	0,18	0,13	0,14	0,03	0,10	0,23	0,00	0,21	0,00	0,00	0,00	0,00
12.06.2025 13:21:56	0,29	0,22	0,26	0,23	0,14	0,11	0,04	0,09	0,10	0,16	0,00	0,21	0,69	0,00	0,00	1,51
12.06.2025 13:21:57	0,31	0,25	0,25	0,25	0,19	0,07	0,16	0,03	0,00	0,08	0,13	0,00	0,69	0,00	0,00	6,03
12.06.2025 13:21:58	0,29	0,22	0,21	0,25	0,10	0,14	0,11	0,06	0,10	0,00	0,13	0,21	0,00	1,12	0,92	1,51
12.06.2025 13:21:59	0,30	0,21	0,25	0,22	0,17	0,13	0,05	0,09	0,05	0,08	0,00	0,42	0,34	0,00	0,00	0,00
12.06.2025 13:22:00	0,31	0,22	0,21	0,29	0,23	0,11	0,04	0,06	0,19	0,31	0,00	0,21	0,34	0,00	0,00	1,51
12.06.2025 13:22:01	0,29	0,23	0,24	0,20	0,13	0,05	0,07	0,03	0,10	0,00	0,00	0,21	1,72	0,56	0,92	0,00
12.06.2025 13:22:02	0,32	0,20	0,21	0,23	0,14	0,11	0,07	0,12	0,00	0,31	0,13	0,42	0,69	0,00	0,92	3,02
12.06.2025 13:22:03	0,30	0,25	0,23	0,23	0,13	0,12	0,12	0,06	0,00	0,00	0,00	0,42	0,00	0,00	0,92	3,02
12.06.2025 13:22:04	0,32	0,21	0,22	0,26	0,15	0,12	0,05	0,06	0,10	0,16	0,00	0,42	0,00	0,00	0,00	3,02
12.06.2025 13:22:05	0,29	0,24	0,24	0,23	0,15	0,07	0,12	0,12	0,05	0,00	0,13	0,63	0,69	0,00	1,84	0,00
12.06.2025 13:22:06	0,32	0,24	0,27	0,26	0,15	0,17	0,09	0,03	0,00	0,08	0,13	0,21	0,00	0,00	0,00	0,00
12.06.2025 13:22:07	0,34	0,23	0,19	0,20	0,15	0,12	0,02	0,06	0,00	0,16	0,00	0,63	1,03	0,00	0,92	0,00
12.06.2025 13:22:08	0,29	0,19	0,22	0,26	0,23	0,17	0,09	0,00	0,10	0,08	0,64	0,63	0,00	0,00	0,00	0,00
12.06.2025 13:22:09	0,31	0,28	0,23	0,21	0,15	0,10	0,04	0,03	0,05	0,08	0,26	0,42	1,37	0,00	0,00	4,52
12.06.2025 13:22:10	0,28	0,22	0,24	0,18	0,16	0,08	0,05	0,03	0,05	0,23	0,26	0,63	0,00	0,00	0,00	3,02
12.06.2025 13:22:11	0,30	0,22	0,21	0,18	0,13	0,10	0,04	0,09	0,14	0,08	0,38	0,00	0,34	0,56	0,92	1,51
12.06.2025 13:22:12	0,27	0,25	0,20	0,24	0,12	0,13	0,07	0,03	0,14	0,23	0,13	0,42	0,69	0,00	0,92	1,51
12.06.2025 13:22:13	0,30	0,20	0,22	0,21	0,19	0,18	0,05	0,06	0,14	0,00	0,13	0,21	0,34	0,00	0,00	0,00
12.06.2025 13:22:14	0,31	0,23	0,28	0,28	0,15	0,08	0,18	0,15	0,10	0,08	0,26	0,42	0,34	1,12	0,00	1,51
12.06.2025 13:22:15	0,33	0,25	0,20	0,22	0,12	0,14	0,12	0,03	0,05	0,00	0,26	0,63	0,34	0,00	1,84	1,51
12.06.2025 13:22:16	0,29	0,25	0,20	0,26	0,15	0,12	0,11	0,09	0,14	0,16	0,77	0,42	1,03	0,00	0,92	1,51
12.06.2025 13:22:17	0,31	0,26	0,23	0,21	0,21	0,16	0,07	0,06	0,19	0,00	0,51	0,00	0,00	0,00	0,92	1,51
12.06.2025 13:22:18	0,33	0,24	0,25	0,24	0,17	0,12	0,11	0,03	0,05	0,00	0,00	0,21	0,34	0,00	1,84	7,54
12.06.2025 13:22:19	0,32	0,21	0,25	0,24	0,14	0,10	0,12	0,12	0,00	0,31	0,38	0,84	0,00	0,56	0,00	3,02
12.06.2025 13:22:20	0,32	0,20	0,21	0,23	0,13	0,20	0,04	0,00	0,10	0,00	0,13	0,21	0,00	0,00	1,84	3,02
12.06.2025 13:22:21	0,30	0,24	0,22	0,22	0,21	0,16	0,07	0,03	0,00	0,00	0,38	0,21	1,03	0,56	0,92	0,00
12.06.2025 13:22:22	0,33	0,23	0,23	0,27	0,18	0,24	0,07	0,12	0,19	0,00	0,13	0,63	0,34	1,12	0,00	1,51
12.06.2025 13:22:23	0,30	0,23	0,25	0,25	0,15	0,08	0,12	0,06	0,05	0,00	0,13	0,42	0,34	0,00	0,92	0,00
12.06.2025 13:22:24	0,30	0,18	0,22	0,27	0,18	0,10	0,09	0,03	0,05	0,16	0,13	0,42	0,34	0,56	0,00	4,52
12.06.2025 13:22:25	0,29	0,21	0,27	0,23	0,17	0,12	0,14	0,06	0,05	0,23	0,64	0,63	0,34	0,00	0,00	6,03
12.06.2025 13:22:26	0,33	0,21	0,24	0,22	0,20	0,09	0,05	0,00	0,14	0,16	0,26	0,00	1,03	0,56	0,00	3,02
12.06.2025 13:22:27	0,28	0,25	0,25	0,18	0,15	0,10	0,11	0,03	0,05	0,00	0,26	0,63	0,69	0,00	0,92	3,02
12.06.2025 13:22:28	0,29	0,23	0,22	0,26	0,16	0,12	0,12	0,09	0,05	0,08	0,00	0,84	0,00	0,00	0,00	0,00
12.06.2025 13:22:29	0,32	0,26	0,21	0,21	0,17	0,13	0,16	0,06	0,05	0,31	0,00	0,63	0,34	1,12	1,84	0,00
12.06.2025 13:22:30	0,30	0,23	0,24	0,23	0,20	0,12	0,04	0,06	0,10	0,00	0,26	0,42	1,37	1,12	0,00	1,51
12.06.2025 13:22:31	0,31	0,23	0,24	0,26	0,10	0,10	0,02	0,03	0,00	0,00	0,13	0,63	0,00	0,00	0,92	1,51
12.06.2025 13:22:32	0,31	0,24	0,20	0,23	0,10	0,16	0,14	0,12	0,14	0,08	0,38	0,63	1,03	0,00	0,92	1,51
12.06.2025 13:22:33	0,32	0,21	0,26	0,28	0,23	0,10	0,05	0,06	0,05	0,00	0,00	0,00	0,00	0,00	0,00	3,02
12.06.2025 13:22:34	0,32	0,24	0,20	0,20	0,13	0,13	0,04	0,12	0,14	0,08	0,38	0,42	0,34	1,12	0,92	3,02
12.06.2025 13:22:35	0,32	0,21	0,23	0,21	0,14	0,12	0,09	0,12	0,10	0,16	0,00	0,84	1,03	0,56	2,76	1,51
12.06.2025 13:22:36	0,33	0,24	0,21	0,23	0,11	0,11	0,05	0,03	0,00	0,16	0,26	0,00	0,34	0,00	0,92	3,02
12.06.2025 13:22:37	0,30	0,21	0,22	0,25	0,19	0,11	0,07	0,12	0,00	0,08	0,00	0,00	0,69	0,00	0,00	4,52
12.06.2025 13:22:38	0,29	0,22	0,25	0,23	0,17	0,12	0,12	0,00	0,05	0,00	0,13	0,00	0,00	0,56	0,00	1,51
12.06.2025 13:22:39	0,30	0,18	0,23	0,22	0,19	0,09	0,02	0,03	0,00	0,08	0,38	0,42	1,03	0,56	0,00	0,00
12.06.2025 13:22:40	0,31	0,23	0,24	0,20	0,14	0,12	0,11	0,09	0,05	0,08	0,13	0,21	0,34	0,56	0,92	0,00
12.06.2025 13:22:41	0,29	0,24	0,23	0,28	0,16	0,17	0,09	0,03	0,05	0,00	0,00	0,21	0,00	1,12	1,84	0,00
12.06.2025 13:22:42	0,32	0,26	0,24	0,25	0,17	0,14	0,11	0,06	0,00	0,00	0,51	0,42	1,03	0,00	0,00	3,02
12.06.2025 13:22:43	0,30	0,20	0,25	0,22	0,17	0,11	0,14	0,15	0,29	0,16	0,00	0,84	0,00	1,12	0,92	4,52
12.06.2025 13:22:44	0,33	0,22	0,22	0,25	0,15	0,10	0,09	0,09	0,05	0,00	0,26	0,42	0,34	0,56	0,92	0,00
12.06.2025 13:22:45	0,31	0,25	0,19	0,24	0,19	0,11	0,14	0,09	0,00	0,23	0,00	0,42	0,69	0,00	0,00	3,02
12.06.2025 13:22:46	0,29	0,23	0,23	0,19	0,21	0,15	0,14	0,06	0,19	0,08	0,00	0,42	0,69	0,00	0,00	3,02
12.06.2025 13:22:47	0,31	0,24	0,22	0,26	0,15	0,18	0,14	0,09	0,00	0,00	0,26	0,42	0,34	0,56	0,92	3,02
12.06.2025 13:22:48	0,28	0,25	0,21	0,20	0,18	0,13	0,18	0,15	0,00	0,16	0,13	0,21	0,00	1,12	1,84	0,00
12.06.2025 13:22:49	0,30	0,25	0,24	0,21	0,15	0,08	0,07	0,17	0,19	0,08	0,00	0,84	0,00	0,00	0,00	1,51
12.06.2025 13:22:50	0,30	0,29	0,21	0,28	0,16	0,13	0,09	0,15	0,14	0,47	0,38	0,63	1,03	0,00	0,00	1,51
12.06.2025 13:22:51	0,26	0,20	0,23	0,28	0,15	0,13	0,20	0,06	0,10	0,16	0,38	0,42	0,34	1,69	1,84	1,51
12.06.2025 13:22:52	0,29	0,22	0,26	0,27	0,21	0,15	0,07	0,00	0,05	0,00	0,13	0,00	1,03	1,12	2,76	0,00
12.06.2025 13:22:53	0,28	0,22	0,21	0,24	0,21	0,11	0,04	0,03	0,10	0,23	0,26	0,42	0,00	0,56	1,84	3,02
12.06.2025 13:22:54	0,30	0,23	0,24	0,26	0,16	0,09	0,11	0,09	0,00	0,08	0,51	0,00	0,34	0,00	0,00	0,00
12.06.2025 13:22:55	0,33	0,26	0,24	0,21	0,25	0,13	0,09	0,17	0,10	0,16	0,00	0,21	1,03	0,00	0,92	1,51
12.06.2025 13:22:56	0,28	0,22	0,25	0,27	0,15	0,10	0,14	0,12	0,05	0,08	0,13	0,21	0,00	0,00	0,00	1,51
12.06.2025 13:22:57	0,33	0,19	0,21	0,19	0,14	0,13	0,11	0,12	0,05	0,08	0,26	0,00	0,34	1,69	0,00	1,51
12.06.2025 13:22:58	0,30	0,23	0,25	0,25	0,13	0,09	0,18	0,03	0,05	0,08	0,00	0,63	0,34	0,56	0,00	1,51
12.06.2025 13:22:59	0,31	0,22	0,18	0,24	0,13	0,15	0,11	0,12	0,10	0,31	0,26	0,21	0,00	1,12	0,00	1,51
12.06.2025 13:23:00	0,29	0,21	0,26	0,25	0,14	0,18	0,07	0,00	0,05	0,08	0,13	0,42	0,34	0,56	0,00	6,03
12.06.2025 13:23:01	0,32	0,25	0,22	0,26	0,18	0,09	0,02	0,00	0,24	0,00	0,13	0,42	0,69	0,56	0,00	0,00
12.06.2025 13:23:02	0,32	0,21	0,25	0,24	0,09	0,18	0,11	0,06	0,00	0,00	0,38	0,63	0,00	1,12	0,00	0,00
12.06.2025 13:23:03	0,31	0,23	0,22	0,25	0,12	0,07	0,09	0,03	0,10	0,16	0,26	0,84	0,34	0,56	0,00	1,51
12.06.2025 13:23:04	0,31	0,23	0,26	0,22	0,10	0,20	0,12	0,06	0,19	0,08	0,26	0,63	1,03	0,56	0,00	3,02
12.06.2025 13:23:05	0,34	0,24	0,22	0,22	0,15	0,16	0,04	0,06	0,00	0,23	0,13	0,42	0,34	0,00	0,00	0,00
12.06.2025 13:23:06	0,31	0,25	0,22	0,19	0,12	0,10	0,09	0,12	0,10	0,16	0,00	0,63	0,69	1,12	0,92	3,02
12.06.2025 13:23:07	0,31	0,24	0,26	0,24	0,17	0,12	0,04	0,06	0,00	0,16	0,13	0,63	0,00	0,56	0,00	1,51
12.06.2025 13:23:08	0,33	0,18	0,25	0,26	0,20	0,10	0,14	0,09	0,00	0,16	0,26	0,21	0,34	1,12	0,92	3,02
12.06.2025 13:23:09	0,29	0,23	0,22	0,26	0,13	0,13	0,05	0,12	0,00	0,08	0,38	0,00	0,34	0,56	0,00	1,51
12.06.2025 13:23:10	0,30	0,23	0,22	0,24	0,12	0,11	0,09	0,15	0,05	0,31	0,00	0,21	0,69	0,56	1,84	3,02
12.06.2025 13:23:11	0,29	0,24	0,28	0,23	0,21	0,13	0,12	0,09	0,10	0,16	0,38	0,21	0,34	1,12	0,00	3,02
12.06.2025 13:23:12	0,33	0,21	0,22	0,25	0,18	0,08	0,11	0,03	0,10	0,00	0,64	0,21	0,00	0,00	0,00	1,51
12.06.2025 13:23:13	0,29	0,24	0,24	0,27	0,20	0,11	0,12	0,06	0,10	0,08	0,13	0,21	0,34	0,56	0,00	3,02
12.06.2025 13:23:14	0,30	0,23	0,20	0,28	0,16	0,10	0,11	0,12	0,10	0,00	0,38	0,42	0,34	0,00	0,00	0,00
12.06.2025 13:23:15	0,30	0,21	0,20	0,19	0,15	0,09	0,11	0,00	0,10	0,00	0,26	0,42	0,69	0,56	0,92	1,51
12.06.2025 13:23:16	0,31	0,20	0,21	0,32	0,16	0,09	0,14	0,15	0,00	0,00	0,26	0,21	0,00	0,00	0,92	0,00
12.06.2025 13:23:17	0,31	0,23	0,22	0,27	0,18	0,17	0,11	0,06	0,14	0,23	0,13	0,21	1,37	0,00	0,92	0,00
12.06.2025 13:23:18	0,31	0,26	0,23	0,23	0,09	0,13	0,18	0,06	0,05	0,23	0,00	0,42	0,00	0,56	0,92	1,51
12.06.2025 13:23:19	0,30	0,22	0,25	0,25	0,13	0,08	0,11	0,09	0,10	0,23	0,13	0,21	0,00	0,00	0,92	0,00
12.06.2025 13:23:20	0,30	0,23	0,22	0,19	0,13	0,13	0,09	0,03	0,05	0,08	0,13	0,21	0,00	0,56	0,00	0,00
12.06.2025 13:23:21	0,31	0,23	0,21	0,21	0,15	0,10	0,05	0,03	0,00	0,08	0,00	0,42	0,34	0,00	0,92	0,00
12.06.2025 13:23:22	0,32	0,21	0,25	0,22	0,09	0,15	0,04	0,09	0,10	0,16	0,26	0,21	0,69	0,00	0,00	0,00
12.06.2025 13:23:23	0,33	0,28	0,22	0,25	0,15	0,14	0,07	0,06	0,14	0,08	0,13	0,42	0,34	0,56	0,00	3,02
12.06.2025 13:23:24	0,32	0,21	0,21	0,23	0,15	0,09	0,11	0,09	0,05	0,08	0,26	0,63	0,00	0,00	0,00	1,51
12.06.2025 13:23:25	0,34	0,22	0,22	0,27	0,13	0,15	0,07	0,03	0,05	0,23	0,13	0,21	0,34	0,00	0,92	4,52
12.06.2025 13:23:26	0,31	0,24	0,24	0,27	0,15	0,14	0,07	0,03	0,19	0,23	0,26	0,21	0,34	0,00	0,00	0,00
12.06.2025 13:23:27	0,30	0,21	0,25	0,26	0,19	0,05	0,07	0,12	0,00	0,23	0,26	0,21	1,03	1,69	0,92	0,00
12.06.2025 13:23:28	0,31	0,24	0,20	0,23	0,14	0,14	0,04	0,12	0,14	0,16	0,26	0,42	0,69	0,56	0,00	4,52
12.06.2025 13:23:29	0,29	0,24	0,22	0,23	0,15	0,13	0,14	0,09	0,10	0,16	0,26	0,42	0,34	0,00	1,84	0,00
12.06.2025 13:23:30	0,30	0,22	0,24	0,25	0,15	0,13	0,07	0,17	0,14	0,16	0,00	0,00	0,00	0,56	0,00	4,52
12.06.2025 13:23:31	0,32	0,21	0,22	0,23	0,13	0,21	0,11	0,06	0,05	0,23	0,26	0,21	0,00	0,56	0,00	1,51
12.06.2025 13:23:32	0,30	0,21	0,24	0,22	0,12	0,12	0,09	0,12	0,05	0,08	0,13	0,21	0,34	0,56	0,00	1,51
12.06.2025 13:23:33	0,29	0,23	0,18	0,19	0,15	0,12	0,12	0,12	0,14	0,16	0,13	0,21	0,34	1,12	0,92	1,51
12.06.2025 13:23:34	0,27	0,23	0,20	0,20	0,12	0,09	0,05	0,03	0,10	0,08	0,00	0,00	0,00	0,00	0,00	3,02
12.06.2025 13:23:35	0,30	0,22	0,22	0,25	0,09	0,10	0,16	0,03	0,19	0,16	0,13	0,21	0,00	0,00	0,92	3,02
12.06.2025 13:23:36	0,32	0,23	0,20	0,25	0,17	0,08	0,07	0,06	0,00	0,00	0,51	1,05	0,69	0,00	0,00	1,51
12.06.2025 13:23:37	0,32	0,24	0,26	0,21	0,14	0,14	0,11	0,09	0,05	0,00	0,13	0,42	0,34	0,00	0,92	6,03
12.06.2025 13:23:38	0,31	0,24	0,24	0,25	0,16	0,14	0,04	0,00	0,00	0,08	0,26	0,21	0,34	1,69	1,84	0,00
12.06.2025 13:23:39	0,31	0,23	0,27	0,20	0,09	0,14	0,05	0,09	0,00	0,08	0,26	0,42	0,00	0,56	0,00	3,02
12.06.2025 13:23:40	0,28	0,25	0,24	0,23	0,14	0,13	0,14	0,09	0,14	0,08	0,51	0,42	0,34	0,56	0,92	0,00
12.06.2025 13:23:41	0,30	0,21	0,25	0,27	0,10	0,25	0,14	0,09	0,05	0,31	0,26	0,21	0,00	0,56	0,92	1,51
12.06.2025 13:23:42	0,29	0,23	0,25	0,24	0,15	0,12	0,04	0,03	0,10	0,31	0,00	0,63	0,34	0,56	0,92	0,00
12.06.2025 13:23:43	0,32	0,24	0,25	0,26	0,13	0,08	0,12	0,12	0,24	0,00	0,00	0,21	1,72	1,12	0,00	6,03
12.06.2025 13:23:44	0,33	0,23	0,22	0,23	0,15	0,12	0,05	0,03	0,05	0,08	0,26	0,42	0,00	0,00	0,00	0,00
12.06.2025 13:23:45	0,31	0,21	0,26	0,21	0,17	0,11	0,11	0,03	0,10	0,00	0,38	0,21	0,34	0,56	0,92	3,02
12.06.2025 13:23:46	0,33	0,21	0,25	0,26	0,15	0,09	0,07	0,03	0,10	0,08	0,13	0,00	0,34	0,00	0,00	3,02
12.06.2025 13:23:47	0,29	0,21	0,25	0,21	0,13	0,09	0,05	0,00	0,14	0,16	0,26	0,42	0,69	0,00	1,84	0,00
12.06.2025 13:23:48	0,29	0,22	0,25	0,28	0,16	0,12	0,12	0,06	0,14	0,08	0,00	1,05	0,34	2,81	0,00	1,51
12.06.2025 13:23:49	0,31	0,25	0,22	0,25	0,16	0,11	0,12	0,09	0,05	0,08	0,26	0,21	0,00	1,12	0,00	1,51
12.06.2025 13:23:50	0,32	0,23	0,21	0,30	0,19	0,13	0,07	0,06	0,00	0,08	0,13	0,21	0,69	0,56	0,00	1,51
12.06.2025 13:23:51	0,32	0,24	0,19	0,23	0,16	0,11	0,12	0,17	0,19	0,00	0,26	0,42	0,00	1,12	0,00	3,02
12.06.2025 13:23:52	0,30	0,23	0,23	0,26	0,14	0,14	0,12	0,00	0,00	0,00	0,26	0,00	0,34	0,00	0,00	6,03
12.06.2025 13:23:53	0,29	0,25	0,24	0,22	0,16	0,11	0,09	0,09	0,19	0,16	0,26	1,26	1,37	0,56	0,92	1,51
12.06.2025 13:23:54	0,30	0,20	0,25	0,23	0,13	0,15	0,11	0,03	0,05	0,16	0,00	0,21	0,00	1,12	0,00	1,51
12.06.2025 13:23:55	0,32	0,23	0,22	0,22	0,25	0,12	0,04	0,12	0,00	0,23	0,13	0,21	1,72	0,00	0,92	1,51
12.06.2025 13:23:56	0,30	0,21	0,26	0,21	0,16	0,11	0,00	0,03	0,05	0,16	0,13	0,00	0,69	0,00	0,00	1,51
12.06.2025 13:23:57	0,31	0,30	0,23	0,27	0,16	0,12	0,04	0,17	0,10	0,00	0,13	0,63	1,03	0,56	0,00	0,00
12.06.2025 13:23:58	0,31	0,26	0,21	0,29	0,20	0,23	0,12	0,12	0,05	0,08	0,00	0,21	0,00	0,00	0,92	3,02
12.06.2025 13:23:59	0,30	0,21	0,22	0,29	0,11	0,23	0,04	0,09	0,05	0,00	0,13	0,21	0,00	0,00	0,00	0,00
12.06.2025 13:24:00	0,31	0,22	0,25	0,23	0,15	0,09	0,11	0,06	0,10	0,00	0,38	0,00	0,69	0,56	0,00	1,51
12.06.2025 13:24:01	0,31	0,22	0,26	0,22	0,17	0,14	0,14	0,03	0,10	0,08	0,26	0,21	0,00	0,56	0,92	1,51
12.06.2025 13:24:02	0,32	0,23	0,22	0,23	0,11	0,11	0,09	0,09	0,00	0,16	0,26	0,63	0,34	0,00	0,00	4,52
12.06.2025 13:24:03	0,30	0,21	0,23	0,23	0,16	0,15	0,05	0,03	0,14	0,00	0,38	0,63	0,00	0,56	0,92	6,03
12.06.2025 13:24:04	0,34	0,26	0,21	0,19	0,15	0,11	0,05	0,03	0,05	0,08	0,51	0,21	0,34	0,00	1,84	1,51
12.06.2025 13:24:05	0,31	0,23	0,22	0,25	0,10	0,13	0,07	0,06	0,10	0,08	0,26	0,00	0,69	0,56	0,00	3,02
12.06.2025 13:24:06	0,33	0,25	0,24	0,21	0,18	0,13	0,12	0,17	0,00	0,23	0,13	0,42	0,34	1,12	0,92	0,00
12.06.2025 13:24:07	0,29	0,22	0,29	0,23	0,16	0,14	0,05	0,09	0,19	0,23	0,26	0,63	1,37	0,56	0,92	4,52
