<Header>
User name: Carl
Location: probe cabin
# of Location: 1
Model: 11-D
Serial No.: 11D20167
Firmware revision: 12.50E
Software revision: 1179-V2.05 (15-06-2020)
Unit: counts/liter (differential)
C-factor: 1,00
location factor: 1,00
Comment: F2583
online data
<Data>
[d&t31.12.2035 11:50:55]	0,253 um	0,298 um	0,352 um	0,414 um	0,488 um	0,576 um	0,679 um	0,800 um	0,943 um	1,112 um	1,310 um	1,545 um	1,821 um	2,146 um	2,530 um	2,982 um
12.06.2025 13:21:15	17390,0	7470,0	4910,0	3050,0	1200,0	350,0	350,0	100,0	50,0	0,0	100,0	50,0	100,0	0,0	0,0	0,0
12.06.2025 13:21:16	16280,0	7570,0	3860,0	3000,0	1100,0	650,0	300,0	0,0	50,0	0,0	150,0	0,0	50,0	50,0	0,0	0,0
12.06.2025 13:21:17	15970,0	6920,0	4710,0	2550,0	1000,0	350,0	350,0	0,0	0,0	50,0	50,0	50,0	50,0	0,0	0,0	50,0
12.06.2025 13:21:18	18440,0	7720,0	4510,0	2100,0	850,0	800,0	200,0	200,0	150,0	0,0	50,0	0,0	50,0	50,0	0,0	100,0
12.06.2025 13:21:19	17700,0	6920,0	5510,0	3200,0	900,0	400,0	450,0	150,0	100,0	0,0	100,0	50,0	0,0	0,0	50,0	0,0
12.06.2025 13:21:20	16020,0	7420,0	3960,0	2750,0	900,0	250,0	200,0	0,0	0,0	50,0	100,0	100,0	100,0	50,0	0,0	100,0
12.06.2025 13:21:21	16690,0	7270,0	4760,0	3050,0	1250,0	550,0	400,0	50,0	200,0	50,0	100,0	0,0	100,0	150,0	0,0	100,0
12.06.2025 13:21:22	17750,0	8130,0	5010,0	3250,0	1300,0	700,0	100,0	50,0	0,0	100,0	100,0	200,0	50,0	0,0	100,0	50,0
12.06.2025 13:21:23	15790,0	8020,0	5560,0	2450,0	1250,0	400,0	300,0	100,0	0,0	150,0	0,0	0,0	100,0	0,0	0,0	0,0
12.06.2025 13:21:24	15020,0	7820,0	4310,0	2300,0	1250,0	650,0	150,0	50,0	100,0	100,0	0,0	50,0	50,0	0,0	0,0	0,0
12.06.2025 13:21:25	17030,0	6920,0	4660,0	2450,0	900,0	500,0	300,0	150,0	0,0	100,0	200,0	100,0	100,0	100,0	50,0	100,0
12.06.2025 13:21:26	16170,0	6970,0	3610,0	2150,0	1550,0	700,0	350,0	100,0	0,0	50,0	100,0	50,0	50,0	50,0	50,0	150,0
12.06.2025 13:21:27	14270,0	7320,0	5110,0	2850,0	1000,0	650,0	350,0	150,0	100,0	0,0	100,0	50,0	150,0	50,0	50,0	50,0
12.06.2025 13:21:28	17950,0	7770,0	4310,0	2550,0	1350,0	750,0	250,0	200,0	100,0	50,0	0,0	100,0	50,0	0,0	50,0	150,0
12.06.2025 13:21:29	17490,0	8120,0	3260,0	3100,0	1000,0	700,0	150,0	200,0	100,0	200,0	0,0	50,0	0,0	0,0	0,0	100,0
12.06.2025 13:21:30	17640,0	8320,0	4710,0	2350,0	1050,0	600,0	300,0	50,0	50,0	50,0	0,0	50,0	50,0	0,0	50,0	0,0
12.06.2025 13:21:31	17400,0	7970,0	4460,0	3200,0	1350,0	600,0	250,0	100,0	100,0	50,0	50,0	50,0	100,0	100,0	0,0	100,0
12.06.2025 13:21:32	17450,0	7220,0	4910,0	2950,0	1350,0	950,0	350,0	0,0	100,0	0,0	0,0	50,0	50,0	0,0	100,0	50,0
12.06.2025 13:21:33	18300,0	8330,0	4210,0	3100,0	1300,0	750,0	300,0	200,0	100,0	150,0	50,0	150,0	50,0	0,0	50,0	50,0
12.06.2025 13:21:34	15370,0	7570,0	3860,0	2250,0	1300,0	450,0	500,0	50,0	50,0	50,0	50,0	100,0	0,0	0,0	0,0	100,0
12.06.2025 13:21:35	15790,0	7470,0	4460,0	3300,0	1250,0	700,0	400,0	250,0	50,0	100,0	100,0	50,0	50,0	0,0	50,0	50,0
12.06.2025 13:21:36	17300,0	8830,0	5110,0	3800,0	850,0	800,0	300,0	200,0	0,0	100,0	100,0	150,0	0,0	0,0	0,0	150,0
12.06.2025 13:21:37	15580,0	6670,0	5510,0	3300,0	1250,0	700,0	300,0	200,0	100,0	100,0	0,0	0,0	0,0	0,0	0,0	100,0
12.06.2025 13:21:38	17530,0	6970,0	4310,0	2700,0	1200,0	500,0	100,0	50,0	100,0	0,0	150,0	50,0	100,0	50,0	0,0	50,0
12.06.2025 13:21:39	14370,0	6620,0	4760,0	3750,0	1350,0	250,0	350,0	150,0	150,0	50,0	200,0	50,0	150,0	0,0	0,0	50,0
12.06.2025 13:21:40	16690,0	7570,0	4710,0	3200,0	1300,0	450,0	200,0	200,0	50,0	0,0	50,0	200,0	0,0	50,0	50,0	0,0
12.06.2025 13:21:41	15790,0	7920,0	4510,0	3200,0	1150,0	650,0	150,0	150,0	100,0	100,0	100,0	0,0	100,0	50,0	50,0	150,0
12.06.2025 13:21:42	15980,0	7570,0	4210,0	3300,0	1300,0	700,0	300,0	100,0	50,0	150,0	50,0	0,0	100,0	0,0	100,0	50,0
12.06.2025 13:21:43	13830,0	8870,0	4210,0	2600,0	1500,0	750,0	200,0	200,0	100,0	100,0	50,0	0,0	0,0	100,0	0,0	50,0
12.06.2025 13:21:44	16930,0	7620,0	4160,0	2400,0	900,0	350,0	100,0	250,0	100,0	100,0	150,0	50,0	0,0	50,0	100,0	150,0
12.06.2025 13:21:45	16480,0	6820,0	4360,0	2650,0	1250,0	1150,0	300,0	100,0	0,0	100,0	50,0	0,0	0,0	50,0	50,0	150,0
12.06.2025 13:21:46	17680,0	7370,0	4110,0	2700,0	1000,0	500,0	200,0	100,0	0,0	50,0	50,0	0,0	50,0	0,0	100,0	50,0
12.06.2025 13:21:47	15530,0	8670,0	4560,0	2350,0	1000,0	650,0	300,0	50,0	200,0	100,0	0,0	100,0	0,0	0,0	0,0	100,0
12.06.2025 13:21:48	14620,0	7320,0	4760,0	3100,0	1200,0	300,0	150,0	150,0	150,0	0,0	50,0	50,0	0,0	50,0	0,0	0,0
12.06.2025 13:21:49	16940,0	8070,0	3760,0	3400,0	1150,0	500,0	150,0	50,0	50,0	100,0	50,0	150,0	50,0	50,0	0,0	0,0
12.06.2025 13:21:50	17350,0	7070,0	4760,0	3750,0	1450,0	700,0	250,0	50,0	200,0	0,0	100,0	50,0	100,0	0,0	50,0	100,0
12.06.2025 13:21:51	17440,0	7870,0	3960,0	2550,0	1300,0	700,0	450,0	100,0	300,0	100,0	150,0	50,0	50,0	150,0	0,0	50,0
12.06.2025 13:21:52	16840,0	7320,0	4460,0	3500,0	1200,0	700,0	350,0	200,0	0,0	0,0	100,0	150,0	0,0	0,0	100,0	100,0
12.06.2025 13:21:53	16800,0	7970,0	4160,0	3500,0	1350,0	700,0	500,0	100,0	50,0	50,0	0,0	50,0	100,0	150,0	0,0	50,0
12.06.2025 13:21:54	16490,0	8530,0	5310,0	2700,0	900,0	750,0	250,0	150,0	100,0	50,0	100,0	100,0	100,0	50,0	50,0	50,0
12.06.2025 13:21:55	16490,0	7770,0	4210,0	3250,0	1350,0	600,0	400,0	50,0	100,0	150,0	0,0	50,0	0,0	0,0	0,0	0,0
12.06.2025 13:21:56	15880,0	7170,0	5210,0	2850,0	1050,0	500,0	100,0	150,0	100,0	100,0	0,0	50,0	100,0	0,0	0,0	50,0
12.06.2025 13:21:57	16990,0	8130,0	5060,0	3100,0	1400,0	300,0	450,0	50,0	0,0	50,0	50,0	0,0	100,0	0,0	0,0	200,0
12.06.2025 13:21:58	15830,0	7370,0	4310,0	3150,0	750,0	650,0	300,0	100,0	100,0	0,0	50,0	50,0	0,0	100,0	50,0	50,0
12.06.2025 13:21:59	16230,0	6870,0	5110,0	2750,0	1250,0	600,0	150,0	150,0	50,0	50,0	0,0	100,0	50,0	0,0	0,0	0,0
12.06.2025 13:22:00	17090,0	7170,0	4160,0	3550,0	1700,0	500,0	100,0	100,0	200,0	200,0	0,0	50,0	50,0	0,0	0,0	50,0
12.06.2025 13:22:01	15830,0	7670,0	4860,0	2500,0	950,0	250,0	200,0	50,0	100,0	0,0	0,0	50,0	250,0	50,0	50,0	0,0
12.06.2025 13:22:02	17280,0	6570,0	4210,0	2900,0	1050,0	500,0	200,0	200,0	0,0	200,0	50,0	100,0	100,0	0,0	50,0	100,0
12.06.2025 13:22:03	16390,0	8270,0	4610,0	2800,0	950,0	550,0	350,0	100,0	0,0	0,0	0,0	100,0	0,0	0,0	50,0	100,0
12.06.2025 13:22:04	17590,0	6820,0	4360,0	3200,0	1100,0	550,0	150,0	100,0	100,0	100,0	0,0	100,0	0,0	0,0	0,0	100,0
12.06.2025 13:22:05	15680,0	7920,0	4860,0	2850,0	1150,0	300,0	350,0	200,0	50,0	0,0	50,0	150,0	100,0	0,0	100,0	0,0
12.06.2025 13:22:06	17140,0	8080,0	5510,0	3250,0	1100,0	800,0	250,0	50,0	0,0	50,0	50,0	50,0	0,0	0,0	0,0	0,0
12.06.2025 13:22:07	18440,0	7470,0	3860,0	2500,0	1150,0	550,0	50,0	100,0	0,0	100,0	0,0	150,0	150,0	0,0	50,0	0,0
12.06.2025 13:22:08	15930,0	6220,0	4460,0	3200,0	1700,0	800,0	250,0	0,0	100,0	50,0	250,0	150,0	0,0	0,0	0,0	0,0
12.06.2025 13:22:09	16940,0	9330,0	4710,0	2650,0	1150,0	450,0	100,0	50,0	50,0	50,0	100,0	100,0	200,0	0,0	0,0	150,0
12.06.2025 13:22:10	15170,0	7170,0	4810,0	2200,0	1200,0	350,0	150,0	50,0	50,0	150,0	100,0	150,0	0,0	0,0	0,0	100,0
12.06.2025 13:22:11	16220,0	7220,0	4210,0	2250,0	1000,0	450,0	100,0	150,0	150,0	50,0	150,0	0,0	50,0	50,0	50,0	50,0
12.06.2025 13:22:12	14670,0	8270,0	4010,0	2950,0	900,0	600,0	200,0	50,0	150,0	150,0	50,0	100,0	100,0	0,0	50,0	50,0
12.06.2025 13:22:13	16180,0	6520,0	4510,0	2650,0	1400,0	850,0	150,0	100,0	150,0	0,0	50,0	50,0	50,0	0,0	0,0	0,0
12.06.2025 13:22:14	16940,0	7580,0	5660,0	3500,0	1100,0	350,0	500,0	250,0	100,0	50,0	100,0	100,0	50,0	100,0	0,0	50,0
12.06.2025 13:22:15	17840,0	8320,0	4010,0	2750,0	900,0	650,0	350,0	50,0	50,0	0,0	100,0	150,0	50,0	0,0	100,0	50,0
12.06.2025 13:22:16	15640,0	8320,0	4010,0	3200,0	1150,0	550,0	300,0	150,0	150,0	100,0	300,0	100,0	150,0	0,0	50,0	50,0
12.06.2025 13:22:17	16990,0	8480,0	4710,0	2600,0	1550,0	750,0	200,0	100,0	200,0	0,0	200,0	0,0	0,0	0,0	50,0	50,0
12.06.2025 13:22:18	17950,0	8020,0	5010,0	2950,0	1250,0	550,0	300,0	50,0	50,0	0,0	0,0	50,0	50,0	0,0	100,0	250,0
12.06.2025 13:22:19	17540,0	6970,0	5010,0	2950,0	1050,0	450,0	350,0	200,0	0,0	200,0	150,0	200,0	0,0	50,0	0,0	100,0
12.06.2025 13:22:20	17280,0	6770,0	4260,0	2800,0	1000,0	900,0	100,0	0,0	100,0	0,0	50,0	50,0	0,0	0,0	100,0	100,0
12.06.2025 13:22:21	16190,0	8020,0	4360,0	2750,0	1550,0	750,0	200,0	50,0	0,0	0,0	150,0	50,0	150,0	50,0	50,0	0,0
12.06.2025 13:22:22	17850,0	7780,0	4610,0	3300,0	1350,0	1100,0	200,0	200,0	200,0	0,0	50,0	150,0	50,0	100,0	0,0	50,0
12.06.2025 13:22:23	16130,0	7570,0	4960,0	3050,0	1100,0	350,0	350,0	100,0	50,0	0,0	50,0	100,0	50,0	0,0	50,0	0,0
12.06.2025 13:22:24	16580,0	6120,0	4360,0	3400,0	1350,0	450,0	250,0	50,0	50,0	100,0	50,0	100,0	50,0	50,0	0,0	150,0
12.06.2025 13:22:25	15990,0	7120,0	5510,0	2900,0	1250,0	550,0	400,0	100,0	50,0	150,0	250,0	150,0	50,0	0,0	0,0	200,0
12.06.2025 13:22:26	18040,0	6870,0	4860,0	2750,0	1500,0	400,0	150,0	0,0	150,0	100,0	100,0	0,0	150,0	50,0	0,0	100,0
12.06.2025 13:22:27	15480,0	8120,0	5110,0	2200,0	1100,0	450,0	300,0	50,0	50,0	0,0	100,0	150,0	100,0	0,0	50,0	100,0
12.06.2025 13:22:28	15630,0	7770,0	4460,0	3200,0	1200,0	550,0	350,0	150,0	50,0	50,0	0,0	200,0	0,0	0,0	0,0	0,0
12.06.2025 13:22:29	17550,0	8670,0	4210,0	2600,0	1300,0	600,0	450,0	100,0	50,0	200,0	0,0	150,0	50,0	100,0	100,0	0,0
12.06.2025 13:22:30	16490,0	7770,0	4810,0	2800,0	1500,0	550,0	100,0	100,0	100,0	0,0	100,0	100,0	200,0	100,0	0,0	50,0
12.06.2025 13:22:31	16940,0	7620,0	4760,0	3250,0	750,0	450,0	50,0	50,0	0,0	0,0	50,0	150,0	0,0	0,0	50,0	50,0
12.06.2025 13:22:32	16740,0	7920,0	3960,0	2900,0	750,0	750,0	400,0	200,0	150,0	50,0	150,0	150,0	150,0	0,0	50,0	50,0
12.06.2025 13:22:33	17250,0	7070,0	5260,0	3450,0	1700,0	450,0	150,0	100,0	50,0	0,0	0,0	0,0	0,0	0,0	0,0	100,0
12.06.2025 13:22:34	17540,0	7970,0	4010,0	2500,0	950,0	600,0	100,0	200,0	150,0	50,0	150,0	100,0	50,0	100,0	50,0	100,0
12.06.2025 13:22:35	17240,0	6870,0	4710,0	2600,0	1050,0	550,0	250,0	200,0	100,0	100,0	0,0	200,0	150,0	50,0	150,0	50,0
12.06.2025 13:22:36	18190,0	7820,0	4260,0	2800,0	850,0	500,0	150,0	50,0	0,0	100,0	100,0	0,0	50,0	0,0	50,0	100,0
12.06.2025 13:22:37	16380,0	7070,0	4510,0	3050,0	1400,0	500,0	200,0	200,0	0,0	50,0	0,0	0,0	100,0	0,0	0,0	150,0
12.06.2025 13:22:38	15630,0	7370,0	5010,0	2800,0	1250,0	550,0	350,0	0,0	50,0	0,0	50,0	0,0	0,0	50,0	0,0	50,0
12.06.2025 13:22:39	16420,0	6070,0	4660,0	2750,0	1400,0	400,0	50,0	50,0	0,0	50,0	150,0	100,0	150,0	50,0	0,0	0,0
12.06.2025 13:22:40	16690,0	7720,0	4810,0	2450,0	1050,0	550,0	300,0	150,0	50,0	50,0	50,0	50,0	50,0	50,0	50,0	0,0
12.06.2025 13:22:41	15590,0	7820,0	4610,0	3450,0	1200,0	800,0	250,0	50,0	50,0	0,0	0,0	50,0	0,0	100,0	100,0	0,0
12.06.2025 13:22:42	17190,0	8480,0	4760,0	3100,0	1300,0	650,0	300,0	100,0	0,0	0,0	200,0	100,0	150,0	0,0	0,0	100,0
12.06.2025 13:22:43	16330,0	6570,0	5010,0	2750,0	1250,0	500,0	400,0	250,0	300,0	100,0	0,0	200,0	0,0	100,0	50,0	150,0
12.06.2025 13:22:44	17990,0	7320,0	4360,0	3150,0	1150,0	450,0	250,0	150,0	50,0	0,0	100,0	100,0	50,0	50,0	50,0	0,0
12.06.2025 13:22:45	16890,0	8420,0	3910,0	3000,0	1450,0	500,0	400,0	150,0	0,0	150,0	0,0	100,0	100,0	0,0	0,0	100,0
12.06.2025 13:22:46	15680,0	7520,0	4710,0	2400,0	1600,0	700,0	400,0	100,0	200,0	50,0	0,0	100,0	100,0	0,0	0,0	100,0
12.06.2025 13:22:47	17100,0	7870,0	4410,0	3200,0	1150,0	850,0	400,0	150,0	0,0	0,0	100,0	100,0	50,0	50,0	50,0	100,0
12.06.2025 13:22:48	15330,0	8170,0	4310,0	2500,0	1350,0	600,0	500,0	250,0	0,0	100,0	50,0	50,0	0,0	100,0	100,0	0,0
12.06.2025 13:22:49	16440,0	8170,0	4760,0	2650,0	1150,0	350,0	200,0	300,0	200,0	50,0	0,0	200,0	0,0	0,0	0,0	50,0
12.06.2025 13:22:50	16400,0	9480,0	4310,0	3450,0	1200,0	600,0	250,0	250,0	150,0	300,0	150,0	150,0	150,0	0,0	0,0	50,0
12.06.2025 13:22:51	14220,0	6620,0	4660,0	3450,0	1100,0	600,0	550,0	100,0	100,0	100,0	150,0	100,0	50,0	150,0	100,0	50,0
12.06.2025 13:22:52	15590,0	7220,0	5160,0	3300,0	1600,0	700,0	200,0	0,0	50,0	0,0	50,0	0,0	150,0	100,0	150,0	0,0
12.06.2025 13:22:53	15330,0	7370,0	4210,0	3000,0	1550,0	500,0	100,0	50,0	100,0	150,0	100,0	100,0	0,0	50,0	100,0	100,0
12.06.2025 13:22:54	16130,0	7470,0	4810,0	3200,0	1200,0	400,0	300,0	150,0	0,0	50,0	200,0	0,0	50,0	0,0	0,0	0,0
12.06.2025 13:22:55	18150,0	8530,0	4910,0	2550,0	1900,0	600,0	250,0	300,0	100,0	100,0	0,0	50,0	150,0	0,0	50,0	50,0
12.06.2025 13:22:56	15030,0	7270,0	5110,0	3400,0	1100,0	450,0	400,0	200,0	50,0	50,0	50,0	50,0	0,0	0,0	0,0	50,0
12.06.2025 13:22:57	18140,0	6260,0	4210,0	2300,0	1050,0	600,0	300,0	200,0	50,0	50,0	100,0	0,0	50,0	150,0	0,0	50,0
12.06.2025 13:22:58	16240,0	7470,0	4960,0	3150,0	1000,0	400,0	500,0	50,0	50,0	50,0	0,0	150,0	50,0	50,0	0,0	50,0
12.06.2025 13:22:59	16680,0	7170,0	3660,0	2950,0	1000,0	700,0	300,0	200,0	100,0	200,0	100,0	50,0	0,0	100,0	0,0	50,0
12.06.2025 13:23:00	15780,0	6970,0	5360,0	3100,0	1050,0	850,0	200,0	0,0	50,0	50,0	50,0	100,0	50,0	50,0	0,0	200,0
12.06.2025 13:23:01	17200,0	8270,0	4460,0	3250,0	1350,0	400,0	50,0	0,0	250,0	0,0	50,0	100,0	100,0	50,0	0,0	0,0
12.06.2025 13:23:02	17140,0	7020,0	4960,0	3000,0	650,0	850,0	300,0	100,0	0,0	0,0	150,0	150,0	0,0	100,0	0,0	0,0
12.06.2025 13:23:03	16630,0	7620,0	4360,0	3100,0	900,0	300,0	250,0	50,0	100,0	100,0	100,0	200,0	50,0	50,0	0,0	50,0
12.06.2025 13:23:04	16640,0	7570,0	5160,0	2700,0	750,0	900,0	350,0	100,0	200,0	50,0	100,0	150,0	150,0	50,0	0,0	100,0
12.06.2025 13:23:05	18600,0	8020,0	4510,0	2750,0	1150,0	750,0	100,0	100,0	0,0	150,0	50,0	100,0	50,0	0,0	0,0	0,0
12.06.2025 13:23:06	16890,0	8320,0	4360,0	2300,0	900,0	450,0	250,0	200,0	100,0	100,0	0,0	150,0	100,0	100,0	50,0	100,0
12.06.2025 13:23:07	16950,0	8070,0	5160,0	2950,0	1300,0	550,0	100,0	100,0	0,0	100,0	50,0	150,0	0,0	50,0	0,0	50,0
12.06.2025 13:23:08	17990,0	6070,0	4960,0	3250,0	1500,0	450,0	400,0	150,0	0,0	100,0	100,0	50,0	50,0	100,0	50,0	100,0
12.06.2025 13:23:09	15830,0	7670,0	4410,0	3250,0	1000,0	600,0	150,0	200,0	0,0	50,0	150,0	0,0	50,0	50,0	0,0	50,0
12.06.2025 13:23:10	16530,0	7520,0	4410,0	2950,0	900,0	500,0	250,0	250,0	50,0	200,0	0,0	50,0	100,0	50,0	100,0	100,0
12.06.2025 13:23:11	15780,0	7980,0	5610,0	2800,0	1550,0	600,0	350,0	150,0	100,0	100,0	150,0	50,0	50,0	100,0	0,0	100,0
12.06.2025 13:23:12	17790,0	7020,0	4360,0	3050,0	1350,0	350,0	300,0	50,0	100,0	0,0	250,0	50,0	0,0	0,0	0,0	50,0
12.06.2025 13:23:13	15930,0	7880,0	4760,0	3300,0	1500,0	500,0	350,0	100,0	100,0	50,0	50,0	50,0	50,0	50,0	0,0	100,0
12.06.2025 13:23:14	16380,0	7470,0	4060,0	3500,0	1200,0	450,0	300,0	200,0	100,0	0,0	150,0	100,0	50,0	0,0	0,0	0,0
12.06.2025 13:23:15	16230,0	6960,0	3960,0	2350,0	1150,0	400,0	300,0	0,0	100,0	0,0	100,0	100,0	100,0	50,0	50,0	50,0
12.06.2025 13:23:16	16830,0	6520,0	4260,0	3950,0	1200,0	400,0	400,0	250,0	0,0	0,0	100,0	50,0	0,0	0,0	50,0	0,0
12.06.2025 13:23:17	16890,0	7730,0	4510,0	3350,0	1350,0	800,0	300,0	100,0	150,0	150,0	50,0	50,0	200,0	0,0	50,0	0,0
12.06.2025 13:23:18	16590,0	8570,0	4660,0	2850,0	700,0	600,0	500,0	100,0	50,0	150,0	0,0	100,0	0,0	50,0	50,0	50,0
12.06.2025 13:23:19	16490,0	7420,0	4960,0	3150,0	950,0	350,0	300,0	150,0	100,0	150,0	50,0	50,0	0,0	0,0	50,0	0,0
12.06.2025 13:23:20	16580,0	7620,0	4410,0	2350,0	950,0	600,0	250,0	50,0	50,0	50,0	50,0	50,0	0,0	50,0	0,0	0,0
12.06.2025 13:23:21	16830,0	7670,0	4260,0	2650,0	1150,0	450,0	150,0	50,0	0,0	50,0	0,0	100,0	50,0	0,0	50,0	0,0
12.06.2025 13:23:22	17540,0	6970,0	5010,0	2700,0	700,0	700,0	100,0	150,0	100,0	100,0	100,0	50,0	100,0	0,0	0,0	0,0
12.06.2025 13:23:23	17950,0	9230,0	4460,0	3150,0	1150,0	650,0	200,0	100,0	150,0	50,0	50,0	100,0	50,0	50,0	0,0	100,0
12.06.2025 13:23:24	17130,0	7070,0	4260,0	2800,0	1100,0	400,0	300,0	150,0	50,0	50,0	100,0	150,0	0,0	0,0	0,0	50,0
12.06.2025 13:23:25	18250,0	7220,0	4510,0	3300,0	950,0	700,0	200,0	50,0	50,0	150,0	50,0	50,0	50,0	0,0	50,0	150,0
12.06.2025 13:23:26	17040,0	8080,0	4810,0	3350,0	1100,0	650,0	200,0	50,0	200,0	150,0	100,0	50,0	50,0	0,0	0,0	0,0
12.06.2025 13:23:27	16090,0	7070,0	5010,0	3250,0	1450,0	250,0	200,0	200,0	0,0	150,0	100,0	50,0	150,0	150,0	50,0	0,0
12.06.2025 13:23:28	17040,0	7970,0	4060,0	2900,0	1050,0	650,0	100,0	200,0	150,0	100,0	100,0	100,0	100,0	50,0	0,0	150,0
12.06.2025 13:23:29	16030,0	7920,0	4410,0	2800,0	1150,0	600,0	400,0	150,0	100,0	100,0	100,0	100,0	50,0	0,0	100,0	0,0
12.06.2025 13:23:30	16340,0	7320,0	4810,0	3050,0	1100,0	600,0	200,0	300,0	150,0	100,0	0,0	0,0	0,0	50,0	0,0	150,0
12.06.2025 13:23:31	17340,0	6920,0	4460,0	2900,0	950,0	950,0	300,0	100,0	50,0	150,0	100,0	50,0	0,0	50,0	0,0	50,0
12.06.2025 13:23:32	16280,0	6820,0	4760,0	2750,0	900,0	550,0	250,0	200,0	50,0	50,0	50,0	50,0	50,0	50,0	0,0	50,0
12.06.2025 13:23:33	15870,0	7520,0	3710,0	2350,0	1100,0	550,0	350,0	200,0	150,0	100,0	50,0	50,0	50,0	100,0	50,0	50,0
12.06.2025 13:23:34	14870,0	7770,0	4110,0	2500,0	900,0	400,0	150,0	50,0	100,0	50,0	0,0	0,0	0,0	0,0	0,0	100,0
12.06.2025 13:23:35	16230,0	7420,0	4510,0	3050,0	650,0	450,0	450,0	50,0	200,0	100,0	50,0	50,0	0,0	0,0	50,0	100,0
12.06.2025 13:23:36	17190,0	7570,0	4060,0	3100,0	1250,0	350,0	200,0	100,0	0,0	0,0	200,0	250,0	100,0	0,0	0,0	50,0
12.06.2025 13:23:37	17350,0	7870,0	5360,0	2550,0	1050,0	650,0	300,0	150,0	50,0	0,0	50,0	100,0	50,0	0,0	50,0	200,0
12.06.2025 13:23:38	16590,0	7820,0	4860,0	3150,0	1200,0	650,0	100,0	0,0	0,0	50,0	100,0	50,0	50,0	150,0	100,0	0,0
12.06.2025 13:23:39	16690,0	7770,0	5460,0	2500,0	650,0	650,0	150,0	150,0	0,0	50,0	100,0	100,0	0,0	50,0	0,0	100,0
12.06.2025 13:23:40	15490,0	8220,0	4760,0	2900,0	1050,0	600,0	400,0	150,0	150,0	50,0	200,0	100,0	50,0	50,0	50,0	0,0
12.06.2025 13:23:41	16490,0	6820,0	5110,0	3400,0	750,0	1150,0	400,0	150,0	50,0	200,0	100,0	50,0	0,0	50,0	50,0	50,0
12.06.2025 13:23:42	15930,0	7570,0	5060,0	2950,0	1150,0	550,0	100,0	50,0	100,0	200,0	0,0	150,0	50,0	50,0	50,0	0,0
12.06.2025 13:23:43	17240,0	7980,0	5110,0	3200,0	1000,0	350,0	350,0	200,0	250,0	0,0	0,0	50,0	250,0	100,0	0,0	200,0
12.06.2025 13:23:44	18090,0	7470,0	4460,0	2900,0	1150,0	550,0	150,0	50,0	50,0	50,0	100,0	100,0	0,0	0,0	0,0	0,0
12.06.2025 13:23:45	16790,0	7020,0	5160,0	2550,0	1300,0	500,0	300,0	50,0	100,0	0,0	150,0	50,0	50,0	50,0	50,0	100,0
12.06.2025 13:23:46	17840,0	7020,0	5010,0	3250,0	1150,0	400,0	200,0	50,0	100,0	50,0	50,0	0,0	50,0	0,0	0,0	100,0
12.06.2025 13:23:47	15570,0	6870,0	5010,0	2600,0	950,0	400,0	150,0	0,0	150,0	100,0	100,0	100,0	100,0	0,0	100,0	0,0
12.06.2025 13:23:48	15530,0	7380,0	4960,0	3500,0	1200,0	550,0	350,0	100,0	150,0	50,0	0,0	250,0	50,0	250,0	0,0	50,0
12.06.2025 13:23:49	17040,0	8320,0	4410,0	3050,0	1200,0	500,0	350,0	150,0	50,0	50,0	100,0	50,0	0,0	100,0	0,0	50,0
12.06.2025 13:23:50	17200,0	7670,0	4310,0	3750,0	1400,0	600,0	200,0	100,0	0,0	50,0	50,0	50,0	100,0	50,0	0,0	50,0
12.06.2025 13:23:51	17640,0	7820,0	3760,0	2850,0	1200,0	500,0	350,0	300,0	200,0	0,0	100,0	100,0	0,0	100,0	0,0	100,0
12.06.2025 13:23:52	16180,0	7470,0	4560,0	3200,0	1050,0	650,0	350,0	0,0	0,0	0,0	100,0	0,0	50,0	0,0	0,0	200,0
12.06.2025 13:23:53	15780,0	8380,0	4810,0	2700,0	1200,0	500,0	250,0	150,0	200,0	100,0	100,0	300,0	200,0	50,0	50,0	50,0
12.06.2025 13:23:54	16280,0	6570,0	5110,0	2850,0	1000,0	700,0	300,0	50,0	50,0	100,0	0,0	50,0	0,0	100,0	0,0	50,0
12.06.2025 13:23:55	17340,0	7720,0	4360,0	2700,0	1850,0	550,0	100,0	200,0	0,0	150,0	50,0	50,0	250,0	0,0	50,0	50,0
12.06.2025 13:23:56	16530,0	6870,0	5310,0	2550,0	1200,0	500,0	0,0	50,0	50,0	100,0	50,0	0,0	100,0	0,0	0,0	50,0
12.06.2025 13:23:57	16800,0	9930,0	4610,0	3300,0	1200,0	550,0	100,0	300,0	100,0	0,0	50,0	150,0	150,0	50,0	0,0	0,0
12.06.2025 13:23:58	16740,0	8630,0	4210,0	3650,0	1500,0	1050,0	350,0	200,0	50,0	50,0	0,0	50,0	0,0	0,0	50,0	100,0
12.06.2025 13:23:59	16130,0	6870,0	4460,0	3550,0	850,0	1050,0	100,0	150,0	50,0	0,0	50,0	50,0	0,0	0,0	0,0	0,0
12.06.2025 13:24:00	16840,0	7320,0	5060,0	2850,0	1100,0	400,0	300,0	100,0	100,0	0,0	150,0	0,0	100,0	50,0	0,0	50,0
12.06.2025 13:24:01	17090,0	7170,0	5260,0	2750,0	1250,0	650,0	400,0	50,0	100,0	50,0	100,0	50,0	0,0	50,0	50,0	50,0
12.06.2025 13:24:02	17290,0	7620,0	4510,0	2800,0	850,0	500,0	250,0	150,0	0,0	100,0	100,0	150,0	50,0	0,0	0,0	150,0
12.06.2025 13:24:03	16530,0	6920,0	4710,0	2800,0	1200,0	700,0	150,0	50,0	150,0	0,0	150,0	150,0	0,0	50,0	50,0	200,0
12.06.2025 13:24:04	18750,0	8670,0	4160,0	2300,0	1100,0	500,0	150,0	50,0	50,0	50,0	200,0	50,0	50,0	0,0	100,0	50,0
12.06.2025 13:24:05	16990,0	7520,0	4510,0	3100,0	750,0	600,0	200,0	100,0	100,0	50,0	100,0	0,0	100,0	50,0	0,0	100,0
12.06.2025 13:24:06	17840,0	8330,0	4760,0	2600,0	1350,0	600,0	350,0	300,0	0,0	150,0	50,0	100,0	50,0	100,0	50,0	0,0
12.06.2025 13:24:07	15930,0	7280,0	5960,0	2850,0	1200,0	650,0	150,0	150,0	200,0	150,0	100,0	150,0	200,0	50,0	50,0	150,0
